 
           1   0.0000000000000000     
           2   3.3790318483243484     
           3   5.0470386275953487     
           4   5.7896602113829676     
           5   7.0703790066465118     
           6   8.2338823760177604     
           7   9.1872899749320780     
           8   9.9605357255383371     
           9   10.623886997324549     
          10   11.207395758425756     
          11   11.718206857818812     
          12   12.168775834723231     
          13   12.576066088475876     
          14   12.947396870151728     
          15   13.263262153840763     
          16   13.522207495176584     
          17   13.745257777733192     
          18   13.919442200202516     
          19   14.067252685958074     
          20   14.190703956918087     
          21   14.288304768284373     
          22   14.360355660841428     
          23   14.414429924931989     
          24   14.447522329097515     
          25   14.434611828308185     
          26   14.396604262173602     
          27   14.323485162288581     
          28   14.231410643352721     
          29   14.118695606935102     
          30   14.014896171068665     
          31   13.888169626808615     
          32   13.745019390583053     
          33   13.577861818029705     
          34   13.414059808466504     
          35   13.247832597292200     
 Rmin Table:
  0.80000000000000004       0.80000000000000004       0.80000000000000004     
  0.80000000000000004       0.80000000000000004       0.80000000000000004     
  0.80000000000000004       0.80000000000000004       0.80000000000000004     
 Molecular Index List
 Type, Mol, Index
           1           1           1
           1           2           2
           1           3           3
           1           4           4
           1           5           5
           1           6           6
           1           7           7
           1           8           8
           1           9           9
           1          10          10
           1          11          11
           1          12          12
           1          13          13
           1          14          14
           1          15          15
           1          16          16
           1          17          17
           1          18          18
           1          19          19
           1          20          20
           1          21          21
           1          22          22
           1          23          23
           1          24          24
           1          25          25
           1          26          26
           1          27          27
           1          28          28
           1          29          29
           1          30          30
           1          31          31
           1          32          32
           1          33          33
           1          34          34
           1          35          35
 Pairlist:
           1           1   0.0000000000000000     

 Initial Energy Table:

 Rejection Distance:  0.80000000000000004       0.80000000000000004       0.80000000000000004     
 Regrow Type:           0
 Pairlist:
           1           1   0.0000000000000000     

 ---------------------------------
 Culmative Energy,   Detailed Calc Final Energy
 Inter:   2.2520271159010008E-007   0.0000000000000000     
 Intra Nonbonded:   0.0000000000000000        0.0000000000000000     
 Stretch:   0.0000000000000000        0.0000000000000000     
 Bend:   0.0000000000000000        0.0000000000000000     
 Torsional:   0.0000000000000000        0.0000000000000000     
 ---------------------------------
 Cluster Size Histogram:
           1   2552134.0000000000     
           2   2538412.0000000000     
           3   2516864.0000000000     
           4   2494468.0000000000     
           5   2620018.0000000000     
           6   2561571.0000000000     
           7   2622345.0000000000     
           8   2636547.0000000000     
           9   2641702.0000000000     
          10   2617348.0000000000     
          11   2541460.0000000000     
          12   2561895.0000000000     
          13   2578262.0000000000     
          14   2561728.0000000000     
          15   2617831.0000000000     
          16   2622664.0000000000     
          17   2561830.0000000000     
          18   2612020.0000000000     
          19   2774119.0000000000     
          20   2902633.0000000000     
          21   3005564.0000000000     
          22   2999415.0000000000     
          23   3175954.0000000000     
          24   3345697.0000000000     
          25   3450020.0000000000     
          26   3422070.0000000000     
          27   3363253.0000000000     
          28   3324063.0000000000     
          29   3250316.0000000000     
          30   3155276.0000000000     
          31   3043574.0000000000     
          32   2990355.0000000000     
          33   2961895.0000000000     
          34   3123569.0000000000     
          35   3253128.0000000000     
 ---------------------------------
 Energy Table:
           1   0.0000000000000000       -1.4551915228366852E-011 <---ETable Error
 NeighborList:
 Acceptance Rate by Cluster Size:
           1   28.437172294771294     
           2   17.939437182083008     
           3   10.546817265103151     
           4   13.151256369453504     
           5   13.258302777644014     
           6   12.568345745616607     
           7   11.907328816873227     
           8   11.543351131451818     
           9   11.431801586416960     
          10   11.137263880938752     
          11   11.065970892830977     
          12   11.044295578397628     
          13   11.002198671490559     
          14   10.835655052991445     
          15   10.595762336926995     
          16   10.421407616593097     
          17   10.464690815953166     
          18   10.421877873827478     
          19   10.306156002838303     
          20   10.370111515246759     
          21   10.235893504543785     
          22   10.325131020713751     
          23   10.363095811857740     
          24   10.147445496034447     
          25   10.120079345900491     
          26   10.063651344364828     
          27   10.028565817428719     
          28   9.9880153922793138     
          29   10.110913161670595     
          30   10.083108497373269     
          31   9.9348572688890293     
          32   9.9912457656148899     
          33   9.9528717808385778     
          34   10.014260571152189     
