 Lennard-Jones Energy:   0.0000000000000000     
 Eletrostatic Energy:   0.0000000000000000     
 Intra Lennard-Jones Energy:   0.0000000000000000     
 Intra Eletrostatic Energy:   0.0000000000000000     
 Stretch Energy:   0.0000000000000000     
 Bending Energy:   0.0000000000000000     
 Torsional Energy   0.0000000000000000     
 MPI threads:           8
 Thread ID:           7
 Random Seed:       65599
 Number of Molecule Types:      1
 Number of Initial Particles:           1
 Number of Atoms per Molecule:           4
 Number of Cycles:              1000000
 Number of Moves per Cycle:                  100
 Criteria Type: Energy
 Distance Criteria:   4.0000000000000000     
 Distance Criteria SQ:   16.000000000000000     
 AVBMC Volume:   268.08257310632899     
 Energy Criteria:
  -500.00000000000000     
 AVBMC E_Bias Alpha:
   4.3333333333333337E-004
 Temperature:   300.00000000000000     
 Gas Phase Density:   6.0000000000000002E-006
 Initial Energy:   0.0000000000000000      kb        
 ------------------------------------------------
          Simulation Start!
 ------------------------------------------------
 Cycle # Particles Energy Acceptance Rates
       1000     15      -48775.4050        75.14      13.08
       2000     11      -32445.2980        73.46      12.69
       3000     11      -35409.1280        71.36      11.93
       4000     33     -125638.1230        69.87      11.74
       5000     30     -123618.7227        67.67      11.33
       6000     31     -122019.5980        65.57      10.95
       7000     31     -118224.3234        63.50      10.63
       8000     31     -123291.2960        61.42      10.20
       9000     17      -57761.7330        59.54      10.09
      10000     12      -37558.8554        58.05      10.25
      11000     23      -81978.6609        56.54      10.46
      12000     23      -75778.5048        54.59      10.51
      13000     27     -100330.8469        52.50      10.47
      14000     35     -135800.9172        50.47      10.40
      15000     35     -135473.5291        48.55      10.30
      16000     30     -110749.5758        47.05      10.26
      17000     33     -123651.1403        46.04      10.22
      18000     29     -107526.5871        45.30      10.14
      19000     27      -93924.9076        44.87      10.11
      20000      7      -21953.5084        44.79      10.09
      21000      1           0.0000        45.09      10.20
      22000      7      -18177.4767        45.73      10.49
      23000     23      -84066.8297        46.22      10.49
      24000      8      -20007.7661        46.78      10.53
      25000      9      -24528.2453        47.57      10.60
      26000     11      -33621.9743        48.39      10.69
      27000     22      -82806.0791        49.13      10.64
      28000     24      -87394.5768        49.92      10.63
      29000     23      -87140.0656        50.65      10.64
      30000     24      -84760.2220        51.25      10.62
      31000     18      -61145.6337        51.70      10.60
      32000      6      -15855.3480        52.04      10.61
      33000     13      -41290.5428        52.37      10.68
      34000     12      -37576.6137        52.64      10.77
      35000     29     -106137.9295        52.62      10.75
      36000     34     -131356.3640        52.43      10.66
      37000     30      -96567.8779        52.19      10.64
      38000     28     -108453.0887        51.86      10.63
      39000     23      -77478.3256        51.41      10.61
      40000     20      -73909.7967        50.90      10.60
      41000     14      -47362.2625        50.36      10.60
      42000     24      -93534.6132        49.71      10.60
      43000     27      -97461.2897        49.16      10.57
      44000     27      -92532.2895        48.73      10.55
      45000     27      -99409.1742        48.42      10.53
      46000     28     -101978.8529        48.20      10.51
      47000     31     -112555.2618        48.09      10.52
      48000     24      -84926.5737        48.06      10.47
      49000     30     -107553.1048        48.10      10.44
      50000     27     -105438.7270        48.23      10.42
      51000     20      -66100.1750        48.43      10.42
      52000     28     -104326.1654        48.69      10.40
      53000     34     -130944.8686        49.01      10.41
      54000     31     -117517.6451        49.36      10.33
      55000     22      -79847.4976        49.77      10.32
      56000     24      -78372.3445        50.21      10.33
      57000     10      -31102.2549        50.59      10.34
      58000     20      -72748.1739        50.95      10.38
      59000      4       -8218.5304        51.26      10.43
      60000     14      -49070.8962        51.54      10.48
      61000     10      -29859.8221        51.72      10.49
      62000     11      -38082.3024        51.80      10.50
      63000      3       -6455.9004        51.85      10.52
      64000      4      -11445.5805        51.96      10.61
      65000     27     -104701.4647        51.90      10.62
      66000     17      -62740.7891        51.73      10.61
      67000     31     -103383.5644        51.49      10.61
      68000     31     -121116.4274        51.22      10.60
      69000     34     -123754.3493        50.88      10.58
      70000     33     -129224.2359        50.48      10.57
      71000     27      -96728.0659        50.04      10.53
      72000     28     -105919.4855        49.61      10.53
      73000     15      -54385.3400        49.26      10.52
      74000      8      -24325.8594        48.98      10.52
      75000     25      -95588.9101        48.79      10.54
      76000     15      -48580.5571        48.60      10.52
      77000      7      -17120.7884        48.54      10.55
      78000      7      -19814.3198        48.59      10.60
      79000      7      -21512.3719        48.67      10.64
      80000      5      -14118.8284        48.76      10.66
      81000     12      -38026.1351        48.90      10.70
      82000      4       -7458.7945        49.09      10.73
      83000      2       -2027.4490        49.33      10.79
      84000     17      -62438.9789        49.55      10.82
      85000     15      -52378.7547        49.79      10.82
      86000     19      -70778.3986        50.04      10.81
      87000     33     -131213.5418        50.26      10.79
      88000     29     -108930.6296        50.44      10.76
      89000     31     -115813.7076        50.59      10.76
      90000     24      -84002.5291        50.70      10.74
      91000     12      -35805.1592        50.79      10.74
      92000     27      -93818.3008        50.83      10.73
      93000     31     -117783.0033        50.82      10.71
      94000     14      -45678.7235        50.76      10.71
      95000     33     -116912.3861        50.67      10.70
      96000     19      -70470.8011        50.54      10.70
      97000     29     -111394.1261        50.37      10.69
      98000     24      -78853.1965        50.16      10.68
      99000     32     -122059.0919        49.92      10.67
     100000     19      -65499.2223        49.70      10.67
     101000      5      -14104.5687        49.60      10.69
     102000      1           0.0000        49.58      10.72
     103000      7      -17981.7984        49.54      10.73
     104000      1           0.0000        49.57      10.75
     105000      8      -24072.8654        49.64      10.78
     106000     33     -109937.3800        49.68      10.78
     107000     25      -93330.8395        49.74      10.76
     108000     31     -110167.9773        49.85      10.75
     109000     25      -87947.4090        49.97      10.74
     110000     16      -56550.9699        50.11      10.73
     111000     32     -117285.7418        50.21      10.72
     112000     28     -101197.4941        50.28      10.71
     113000     25      -98537.9179        50.32      10.71
     114000     23      -87818.4116        50.31      10.69
     115000     33     -118611.1595        50.29      10.69
     116000     18      -64163.5384        50.23      10.69
     117000      1           0.0000        50.15      10.69
     118000      4       -8797.3983        50.09      10.71
     119000      7      -21935.1394        50.05      10.76
     120000      5      -15602.8101        49.97      10.80
     121000     24      -89982.5582        49.83      10.81
     122000     33     -125858.5750        49.68      10.80
     123000     29     -112324.5855        49.54      10.78
     124000     24      -87760.5332        49.47      10.77
     125000     22      -77511.5613        49.42      10.76
     126000     28     -105704.9634        49.41      10.76
     127000     29     -109002.0590        49.42      10.75
     128000     28     -110569.3392        49.46      10.74
     129000     25      -84478.8502        49.53      10.73
     130000     22      -79274.5356        49.63      10.73
     131000     26      -98979.6326        49.75      10.72
     132000     35     -132230.4200        49.89      10.71
     133000     31     -116288.2448        50.04      10.69
     134000     27      -97564.9832        50.18      10.67
     135000     24      -94562.8855        50.31      10.65
     136000     22      -81353.0417        50.42      10.65
     137000     34     -128175.3893        50.49      10.63
     138000     32     -122507.9045        50.54      10.61
     139000     27      -98452.6669        50.56      10.60
     140000     30     -116674.2427        50.56      10.59
     141000     33     -125600.6344        50.52      10.59
     142000     32     -129509.4554        50.45      10.58
     143000     33     -123278.6613        50.34      10.55
     144000     13      -38243.7547        50.25      10.56
     145000     22      -75189.2578        50.15      10.57
     146000      5      -14835.7241        50.00      10.57
     147000      7      -21602.8927        49.92      10.60
     148000     11      -36697.8827        49.79      10.60
     149000     25      -93070.9024        49.68      10.59
     150000     25      -88718.6749        49.60      10.59
     151000     15      -51900.3046        49.60      10.61
     152000     15      -51012.8972        49.58      10.61
     153000      7      -20636.8357        49.61      10.61
     154000     19      -62177.9155        49.66      10.62
     155000      2       -2423.1916        49.72      10.63
     156000     24      -82626.8268        49.82      10.64
     157000     31     -115286.5775        49.90      10.63
     158000     35     -125028.3769        50.01      10.61
     159000     34     -131753.1911        50.11      10.59
     160000     35     -130144.1168        50.20      10.58
     161000     26      -96843.9244        50.26      10.58
     162000     16      -52258.9061        50.31      10.58
     163000     29     -105855.9299        50.34      10.58
     164000     17      -58623.7914        50.33      10.57
     165000     23      -86132.1583        50.30      10.57
     166000      6      -15777.2045        50.28      10.58
     167000      6      -19286.0885        50.24      10.59
     168000      8      -26331.8767        50.21      10.62
     169000     16      -54953.6377        50.10      10.61
     170000      6      -13966.1252        49.99      10.62
     171000      3       -6582.1933        49.91      10.64
     172000     15      -48543.3066        49.86      10.66
     173000     21      -76605.9934        49.77      10.66
     174000      3       -4225.1793        49.72      10.66
     175000      1           0.0000        49.75      10.69
     176000     17      -58622.3301        49.78      10.71
     177000     29     -108045.5266        49.78      10.71
     178000     10      -31546.4907        49.82      10.70
     179000      5      -15046.7598        49.89      10.71
     180000      9      -20942.6251        50.00      10.74
     181000      2        -954.7925        50.09      10.77
     182000      2       -2196.8283        50.16      10.78
     183000      3       -4895.5496        50.22      10.80
     184000      9      -26149.2011        50.26      10.81
     185000     16      -51836.1093        50.28      10.82
     186000     28     -101861.0681        50.24      10.82
     187000     28     -103467.1513        50.17      10.81
     188000     19      -69626.0041        50.08      10.81
     189000     20      -76074.5059        49.98      10.81
     190000     14      -45514.6971        49.89      10.81
     191000      2       -1487.3687        49.87      10.83
     192000     12      -39391.5485        49.84      10.84
     193000     13      -39125.0810        49.82      10.84
     194000      7      -17954.7360        49.83      10.84
     195000     15      -56075.6791        49.85      10.84
     196000      1           0.0000        49.91      10.85
     197000     18      -61276.8768        49.97      10.86
     198000     21      -70719.6882        50.04      10.86
     199000     18      -65277.0144        50.09      10.85
     200000     11      -39911.2418        50.11      10.85
     201000     25      -94551.8465        50.13      10.84
     202000     28     -105146.1392        50.11      10.84
     203000     27      -95783.1868        50.08      10.84
     204000     27      -96376.7635        50.03      10.84
     205000     35     -130346.4683        49.96      10.82
     206000     20      -77725.8596        49.91      10.80
     207000     27     -108188.2896        49.89      10.80
     208000     35     -128799.4301        49.87      10.79
     209000     19      -69287.4071        49.89      10.79
     210000     23      -80103.9836        49.92      10.79
     211000     30     -111155.1874        49.97      10.78
     212000     31     -117434.0026        50.03      10.78
     213000     35     -131377.9064        50.08      10.76
     214000     24      -85813.8196        50.12      10.76
     215000      2       -2414.1292        50.14      10.76
     216000     11      -32520.2521        50.17      10.78
     217000      3       -5997.8090        50.19      10.80
     218000      6      -16408.5836        50.20      10.82
     219000      2       -1855.1418        50.17      10.83
     220000      5      -13516.5963        50.12      10.84
     221000     10      -31737.7406        50.04      10.84
     222000     21      -75496.8101        49.96      10.85
     223000      2       -2824.6470        49.90      10.86
     224000     22      -75716.7998        49.84      10.87
     225000     31     -117698.4194        49.79      10.86
     226000     20      -69242.9323        49.74      10.86
     227000     27     -103315.0862        49.71      10.85
     228000     21      -76634.1751        49.70      10.84
     229000     23      -87656.2423        49.71      10.84
     230000     26      -97159.9690        49.73      10.83
     231000     26      -98852.8286        49.77      10.82
     232000     26      -99399.1701        49.83      10.81
     233000     27      -92133.4275        49.89      10.81
     234000     34     -126456.7623        49.98      10.79
     235000     27      -93780.6853        50.06      10.78
     236000     33     -128846.3191        50.14      10.77
     237000     24      -82116.3565        50.20      10.77
     238000     21      -71506.9642        50.25      10.76
     239000     21      -77083.5410        50.28      10.76
     240000     25      -93041.0399        50.30      10.76
     241000      3       -6268.7596        50.31      10.76
     242000      4      -10473.7822        50.33      10.77
     243000      5      -15940.2760        50.35      10.79
     244000     14      -45347.3615        50.32      10.80
     245000     15      -52781.7336        50.27      10.80
     246000     25      -93639.9394        50.19      10.80
     247000     30     -120015.6474        50.09      10.79
     248000     32     -120556.0599        49.98      10.79
     249000     28     -102285.1777        49.87      10.79
     250000     34     -129767.3754        49.78      10.78
     251000     26      -97274.5487        49.70      10.77
     252000     33     -115108.8871        49.65      10.77
     253000     23      -84021.0278        49.61      10.76
     254000     18      -64989.1062        49.58      10.76
     255000     32     -121058.2264        49.57      10.75
     256000     21      -80317.4982        49.58      10.75
     257000     30     -109295.0826        49.60      10.75
     258000     26     -100564.8298        49.64      10.74
     259000     29     -106174.7679        49.69      10.74
     260000     35     -135415.1372        49.75      10.73
     261000     32     -121202.6574        49.82      10.72
     262000     35     -133861.6881        49.90      10.71
     263000     30     -111781.3560        49.99      10.70
     264000     35     -128257.8965        50.09      10.69
     265000     28     -107079.4879        50.17      10.69
     266000     34     -124195.2142        50.24      10.68
     267000     26      -98546.6124        50.31      10.68
     268000     35     -137307.9009        50.36      10.68
     269000     26      -93389.4145        50.39      10.67
     270000     31     -115415.2508        50.41      10.67
     271000     33     -128561.3484        50.41      10.66
     272000      9      -25002.4110        50.41      10.66
     273000     14      -47237.6205        50.42      10.66
     274000     22      -74138.9486        50.40      10.67
     275000     26      -96374.0650        50.35      10.67
     276000     25      -96903.1137        50.28      10.65
     277000     20      -65479.1855        50.20      10.65
     278000     14      -47453.3120        50.13      10.66
     279000     20      -69857.3110        50.03      10.65
     280000     31     -118168.5158        49.91      10.65
     281000     16      -56998.0610        49.82      10.65
     282000     28     -110521.0109        49.73      10.64
     283000     30     -112641.1902        49.66      10.64
     284000     32     -123979.7268        49.61      10.63
     285000     34     -127355.4679        49.57      10.63
     286000     26      -96802.6197        49.54      10.62
     287000     33     -125041.3424        49.53      10.61
     288000     31     -120202.4924        49.53      10.61
     289000     31     -109635.2565        49.55      10.60
     290000     14      -48566.3777        49.58      10.60
     291000     18      -63687.8646        49.63      10.60
     292000     30     -112916.7609        49.69      10.60
     293000     21      -80029.4120        49.75      10.60
     294000     26      -95407.9501        49.82      10.60
     295000     10      -34059.9303        49.91      10.60
     296000      2       -2566.0136        50.00      10.61
     297000      6      -13650.3981        50.10      10.61
     298000     13      -39571.3558        50.18      10.62
     299000     21      -75056.9194        50.25      10.62
     300000     23      -88188.8912        50.32      10.62
     301000     34     -127692.3912        50.36      10.60
     302000     28      -94571.4454        50.40      10.60
     303000     19      -74293.8793        50.43      10.60
     304000     33     -119292.8085        50.44      10.60
     305000     14      -43964.1638        50.45      10.59
     306000     12      -32989.9955        50.44      10.59
     307000     14      -48267.3889        50.43      10.60
     308000     10      -27843.4071        50.40      10.60
     309000      5      -11654.7032        50.38      10.61
     310000     13      -44112.1593        50.35      10.61
     311000      9      -24671.6217        50.30      10.62
     312000      2       -1108.4991        50.26      10.64
     313000     17      -54904.8494        50.19      10.64
     314000     24      -89268.2398        50.08      10.64
     315000      5      -14750.2522        49.97      10.64
     316000     25      -93717.6126        49.87      10.64
     317000      7      -17273.2817        49.78      10.65
     318000     16      -54695.4910        49.71      10.65
     319000     23      -88478.8459        49.63      10.65
     320000     28     -106233.0653        49.57      10.65
     321000     32     -113304.2035        49.52      10.65
     322000     27     -103796.6861        49.48      10.64
     323000     14      -41602.2988        49.46      10.64
     324000      6      -12937.8657        49.46      10.65
     325000      3       -7197.9287        49.49      10.67
     326000      4      -11019.3695        49.52      10.68
     327000     12      -36211.8816        49.57      10.69
     328000      2        -619.9143        49.61      10.69
     329000      1           0.0000        49.67      10.71
     330000     18      -60737.7573        49.74      10.72
     331000     21      -74889.9897        49.80      10.72
     332000     20      -72480.7085        49.87      10.72
     333000     14      -49890.5514        49.95      10.72
     334000     11      -33590.1323        50.04      10.72
     335000      3       -7800.4893        50.12      10.73
     336000      8      -20352.5976        50.20      10.73
     337000     18      -62789.6887        50.27      10.74
     338000     35     -128664.5978        50.32      10.73
     339000     31     -114415.4548        50.36      10.73
     340000      7      -24270.5580        50.40      10.73
     341000      1           0.0000        50.44      10.74
     342000     21      -69315.9826        50.47      10.75
     343000     27      -95973.9762        50.47      10.75
     344000     11      -35689.0737        50.46      10.75
     345000      7      -19843.5513        50.46      10.76
     346000     17      -56019.3801        50.44      10.76
     347000     11      -30698.3595        50.42      10.77
     348000     14      -46553.4527        50.37      10.77
     349000     26      -91380.2241        50.31      10.78
     350000      2       -2335.1779        50.26      10.78
     351000      5      -14658.1665        50.21      10.80
     352000     14      -50462.5812        50.14      10.80
     353000     27      -98871.2873        50.04      10.80
     354000     27      -99935.6079        49.93      10.80
     355000     31     -111747.9103        49.82      10.80
     356000     31     -112805.9775        49.73      10.79
     357000     29     -103980.8616        49.64      10.79
     358000     28     -106746.6970        49.56      10.78
     359000     30     -107363.6707        49.50      10.78
     360000     34     -128953.9953        49.45      10.78
     361000     35     -135304.8836        49.41      10.76
     362000     34     -126531.3268        49.38      10.75
     363000     16      -57895.5611        49.36      10.75
     364000     11      -32647.5766        49.37      10.76
     365000     14      -44837.8791        49.40      10.77
     366000     22      -84779.2317        49.41      10.76
     367000     29     -111008.9137        49.44      10.76
     368000     34     -130905.1501        49.48      10.76
     369000     23      -84565.2730        49.52      10.76
     370000     25      -97508.9149        49.57      10.75
     371000     31     -104102.5811        49.63      10.75
     372000     27     -101919.6245        49.70      10.75
     373000     35     -129239.9376        49.77      10.74
     374000     33     -121503.6479        49.85      10.74
     375000     27     -103009.1894        49.94      10.73
     376000     16      -56031.5337        50.02      10.73
     377000     17      -59630.6014        50.11      10.73
     378000     23      -84175.0468        50.19      10.73
     379000     13      -44341.4604        50.27      10.72
     380000     18      -61372.6323        50.34      10.73
     381000     33     -127814.0017        50.40      10.73
     382000     35     -132987.9447        50.45      10.72
     383000     24      -86850.2486        50.50      10.71
     384000     22      -83795.4447        50.54      10.71
     385000     19      -60733.1409        50.57      10.71
     386000     30     -117236.4872        50.59      10.71
     387000     32     -119379.8616        50.60      10.70
     388000     23      -78948.1377        50.59      10.69
     389000     12      -38160.5478        50.58      10.69
     390000     10      -31572.8118        50.57      10.70
     391000     13      -36612.5846        50.55      10.70
     392000      8      -20729.4630        50.53      10.71
     393000     14      -41203.7943        50.50      10.71
     394000     16      -54623.7967        50.44      10.71
     395000     29     -100910.9987        50.37      10.71
     396000     34     -129982.3338        50.29      10.71
     397000     31     -120019.4020        50.20      10.70
     398000      8      -26768.3923        50.11      10.70
     399000     28     -105725.6903        50.03      10.70
     400000     14      -50073.0393        49.92      10.70
     401000     25      -87072.9664        49.83      10.70
     402000     35     -130644.3542        49.74      10.70
     403000     21      -76184.1887        49.66      10.69
     404000     20      -72871.2084        49.60      10.70
     405000     11      -32216.8753        49.55      10.70
     406000     18      -60045.5512        49.50      10.69
     407000     20      -77774.2176        49.46      10.70
     408000     26      -98823.5729        49.43      10.69
     409000     31     -114357.8751        49.41      10.69
     410000     35     -132558.4134        49.39      10.68
     411000     23      -89394.5977        49.39      10.68
     412000     27     -102925.2633        49.40      10.68
     413000     24      -90452.2027        49.42      10.68
     414000     25      -89332.9367        49.44      10.68
     415000     28      -95274.2687        49.48      10.67
     416000     28     -104214.3884        49.51      10.67
     417000     18      -62388.5430        49.56      10.67
     418000     18      -65591.8941        49.62      10.67
     419000      8      -23200.2056        49.69      10.67
     420000     15      -51777.2741        49.75      10.67
     421000     10      -31090.9980        49.83      10.67
     422000     21      -73862.9074        49.90      10.67
     423000     16      -50436.0402        49.99      10.67
     424000     23      -83431.6108        50.07      10.67
     425000     21      -68335.2892        50.14      10.67
     426000      8      -25088.0979        50.22      10.67
     427000     32     -126219.4607        50.29      10.67
     428000     32     -132113.3138        50.35      10.67
     429000     29     -111123.4609        50.40      10.66
     430000     19      -71464.0185        50.44      10.66
     431000     19      -71265.6835        50.48      10.66
     432000      4      -10306.0231        50.52      10.66
     433000     10      -33439.7794        50.56      10.67
     434000     10      -27734.5278        50.59      10.67
     435000      8      -17773.1625        50.60      10.68
     436000      4       -8295.4579        50.62      10.68
     437000     13      -40903.2048        50.63      10.69
     438000     10      -28979.9431        50.61      10.69
     439000      8      -23104.3577        50.60      10.69
     440000      2       -1864.6845        50.58      10.70
     441000     12      -36070.8973        50.54      10.70
     442000     34     -128480.5883        50.49      10.70
     443000     19      -61723.0362        50.43      10.70
     444000      7      -20529.2976        50.37      10.70
     445000      9      -29024.6048        50.30      10.70
     446000      9      -25667.2196        50.24      10.71
     447000      8      -25480.1933        50.18      10.72
     448000     17      -49894.8573        50.11      10.72
     449000     17      -55081.2274        50.01      10.72
     450000      9      -27099.4314        49.93      10.73
     451000      8      -24589.4320        49.85      10.73
     452000     22      -82379.8639        49.77      10.73
     453000     24      -87616.2221        49.69      10.73
     454000     32     -121290.8921        49.61      10.73
     455000     34     -124757.7488        49.54      10.72
     456000      5      -11751.4533        49.48      10.72
     457000     22      -79379.7219        49.44      10.72
     458000     23      -81418.3228        49.40      10.72
     459000     13      -44901.0815        49.37      10.72
     460000      3       -5819.4569        49.36      10.73
     461000     12      -41045.5287        49.36      10.73
     462000     19      -65414.1711        49.36      10.73
     463000     33     -119675.9966        49.36      10.73
     464000     14      -46738.6647        49.37      10.73
     465000      1           0.0000        49.40      10.73
     466000     14      -50480.4057        49.43      10.74
     467000     30     -118079.9100        49.47      10.75
     468000     20      -67220.0746        49.51      10.75
     469000     19      -66183.3056        49.55      10.74
     470000      5      -13403.6925        49.61      10.75
     471000     14      -50488.9541        49.67      10.76
     472000     15      -52512.0235        49.73      10.76
     473000      4      -10148.3150        49.79      10.77
     474000      5      -13002.7901        49.86      10.78
     475000     10      -35037.5861        49.94      10.78
     476000     10      -29145.6432        50.01      10.78
     477000     13      -49125.6464        50.09      10.78
     478000     21      -77881.2893        50.16      10.78
     479000     25      -85351.5207        50.22      10.78
     480000     27     -103849.3365        50.29      10.78
     481000     22      -81166.1480        50.34      10.77
     482000     22      -77465.9802        50.39      10.77
     483000      9      -30144.0085        50.44      10.78
     484000     25      -95185.7137        50.48      10.78
     485000     25      -87048.4365        50.52      10.78
     486000     10      -31954.6279        50.55      10.78
     487000     17      -62722.9903        50.58      10.78
     488000     19      -70783.0341        50.59      10.78
     489000      2       -1643.5434        50.61      10.79
     490000      1           0.0000        50.63      10.80
     491000      4       -7410.0688        50.64      10.80
     492000     19      -67430.3275        50.63      10.81
     493000     23      -85855.5401        50.61      10.81
     494000     25      -90546.6025        50.57      10.81
     495000      7      -20689.9387        50.54      10.81
     496000      5      -10264.0514        50.52      10.82
     497000     17      -56634.3292        50.47      10.82
     498000      7      -22026.3461        50.43      10.83
     499000     14      -47090.6667        50.38      10.83
     500000      7      -19280.8355        50.32      10.84
     501000      2       -2599.9601        50.28      10.85
     502000      6      -16662.0450        50.23      10.86
     503000      3       -8124.8722        50.15      10.87
     504000      3       -5327.0451        50.08      10.87
     505000      3       -6748.1417        50.01      10.88
     506000      1           0.0000        49.95      10.89
     507000      2       -2201.9040        49.88      10.90
     508000     17      -54791.6429        49.80      10.90
     509000      3       -3274.7145        49.72      10.90
     510000     15      -50589.3487        49.66      10.91
     511000     24      -83972.4442        49.60      10.91
     512000     19      -64074.8298        49.53      10.91
     513000     24      -92082.5687        49.47      10.91
     514000     16      -53854.4886        49.41      10.91
     515000      5      -13533.2820        49.39      10.92
     516000      3       -6198.0892        49.37      10.93
     517000     30     -121446.9916        49.34      10.93
     518000     34     -127685.7215        49.31      10.92
     519000     24      -91197.3263        49.29      10.92
     520000      2       -2589.0834        49.29      10.92
     521000     16      -52420.7251        49.30      10.93
     522000     10      -34752.8179        49.31      10.93
     523000     24      -83818.9179        49.32      10.92
     524000     25      -93971.0936        49.34      10.92
     525000     35     -127314.9396        49.37      10.92
     526000     28      -98497.5388        49.40      10.91
     527000     18      -67522.0831        49.44      10.91
     528000     13      -41893.5106        49.49      10.92
     529000      8      -25501.3985        49.54      10.92
     530000     11      -34768.1996        49.59      10.92
     531000     25      -99217.7411        49.65      10.92
     532000     25      -90802.9709        49.71      10.92
     533000      2       -1905.1104        49.77      10.92
     534000     18      -62254.2775        49.84      10.92
     535000     12      -34554.2882        49.91      10.92
     536000      3       -5749.3882        49.98      10.92
     537000     10      -29558.6093        50.05      10.93
     538000     19      -68673.1422        50.12      10.93
     539000     15      -47436.7630        50.19      10.93
     540000      9      -25712.6790        50.25      10.93
     541000      9      -25162.1753        50.31      10.94
     542000     13      -44566.2780        50.37      10.94
     543000      7      -18127.1383        50.42      10.95
     544000     25      -90960.8826        50.47      10.95
     545000     26      -88814.4756        50.52      10.95
     546000     21      -70360.1744        50.56      10.95
     547000      9      -27440.2401        50.60      10.95
     548000      7      -18870.0813        50.63      10.95
     549000     18      -65591.5308        50.66      10.95
     550000      9      -23373.4565        50.68      10.95
     551000      3       -6415.0200        50.69      10.95
     552000      7      -19080.6447        50.70      10.96
     553000      6      -17805.8435        50.72      10.97
     554000     25      -93577.3444        50.71      10.97
     555000      5      -12588.5839        50.69      10.97
     556000      6      -13571.7024        50.67      10.97
     557000     17      -57875.1932        50.64      10.97
     558000     20      -75988.4173        50.60      10.97
     559000     18      -62257.1163        50.55      10.97
     560000     19      -66690.1408        50.50      10.97
     561000     27      -96074.2964        50.44      10.97
     562000      7      -21075.1638        50.38      10.96
     563000     29     -106867.3262        50.31      10.96
     564000     11      -39551.1471        50.24      10.97
     565000     11      -29445.8813        50.17      10.97
     566000     14      -43047.5961        50.10      10.97
     567000      8      -23659.1762        50.02      10.97
     568000     14      -43287.0945        49.95      10.97
     569000     18      -64475.1277        49.88      10.98
     570000     12      -36079.4611        49.81      10.98
     571000     29     -105548.3647        49.74      10.98
     572000     16      -55284.6892        49.67      10.98
     573000      5      -11764.2180        49.60      10.98
     574000      7      -21877.0591        49.57      10.98
     575000     16      -52074.8538        49.52      10.98
     576000     29     -109755.9135        49.47      10.98
     577000     26      -94353.7705        49.43      10.98
     578000     32     -122391.1765        49.39      10.98
     579000     29     -106734.0612        49.36      10.98
     580000     32     -119105.4494        49.34      10.97
     581000     32     -115426.1303        49.33      10.97
     582000     11      -33379.9748        49.32      10.97
     583000     22      -78169.1371        49.33      10.97
     584000     20      -74225.7246        49.33      10.97
     585000     15      -55941.4688        49.34      10.97
     586000     30     -113130.3359        49.37      10.97
     587000     22      -83789.1561        49.39      10.96
     588000     19      -67990.3293        49.42      10.96
     589000      8      -25075.4056        49.46      10.96
     590000     16      -55441.2835        49.50      10.96
     591000     24      -82490.9960        49.55      10.96
     592000     26      -93471.7916        49.60      10.96
     593000     29     -107074.1278        49.65      10.96
     594000     17      -58650.0032        49.71      10.96
     595000      3       -6710.8935        49.77      10.96
     596000     17      -53569.4557        49.83      10.96
     597000     16      -54430.3723        49.89      10.96
     598000     15      -47674.0083        49.96      10.96
     599000     26      -89182.7106        50.02      10.96
     600000     13      -42453.3979        50.09      10.96
     601000      2       -2855.6240        50.15      10.96
     602000     19      -69351.5887        50.21      10.96
     603000     12      -38788.8767        50.26      10.97
     604000     21      -79654.2425        50.32      10.97
     605000      7      -20748.7382        50.37      10.97
     606000     25      -94303.2726        50.42      10.97
     607000     35     -126145.1780        50.46      10.96
     608000     23      -75899.8746        50.50      10.96
     609000     35     -140092.5270        50.53      10.96
     610000     26      -95227.5977        50.56      10.95
     611000     31     -115405.8275        50.59      10.95
     612000     28     -105293.1635        50.60      10.95
     613000     24      -82546.9736        50.62      10.95
     614000      7      -16647.6055        50.64      10.95
     615000     12      -37165.0788        50.64      10.95
     616000     16      -53584.2361        50.65      10.96
     617000     25      -90579.3518        50.64      10.96
     618000     30     -111923.8342        50.63      10.96
     619000     35     -137445.2386        50.60      10.95
     620000     28     -103900.9744        50.57      10.95
     621000     24      -84507.2630        50.53      10.95
     622000     25      -90848.2073        50.48      10.95
     623000     16      -50118.1263        50.44      10.95
     624000      5      -14423.2282        50.40      10.95
     625000     14      -44799.3597        50.35      10.95
     626000     10      -30898.3492        50.29      10.96
     627000     16      -54217.7469        50.24      10.96
     628000     14      -44270.0422        50.17      10.96
     629000      6      -15508.6258        50.11      10.96
     630000      4      -10012.2106        50.05      10.96
     631000     15      -52362.6098        49.97      10.96
     632000     20      -66173.2348        49.90      10.96
     633000      1           0.0000        49.83      10.96
     634000      1           0.0000        49.78      10.97
     635000      2       -2460.7692        49.73      10.97
     636000     15      -56397.0616        49.67      10.97
     637000      2       -2778.1585        49.63      10.98
     638000     16      -53401.6439        49.60      10.98
     639000     29     -104509.3464        49.55      10.98
     640000     24      -86819.5910        49.51      10.98
     641000     32     -111309.3637        49.47      10.98
     642000     30     -107592.0129        49.44      10.98
     643000     15      -55306.1426        49.42      10.97
     644000     15      -52176.6459        49.40      10.97
     645000     10      -30102.8664        49.40      10.98
     646000     22      -81723.1758        49.40      10.98
     647000     34     -134512.1513        49.40      10.97
     648000     21      -75358.6252        49.41      10.97
     649000      3       -5810.5207        49.43      10.97
     650000      2       -1757.4989        49.45      10.98
     651000     13      -45097.3178        49.48      10.98
     652000     25      -97362.1162        49.51      10.98
     653000     29     -108350.1175        49.55      10.98
     654000     34     -118330.9130        49.58      10.97
     655000     28     -100885.2086        49.62      10.97
     656000     34     -125085.6194        49.67      10.96
     657000     35     -134770.3273        49.71      10.95
     658000     32     -121920.1463        49.76      10.95
     659000     23      -84515.8101        49.82      10.95
     660000     17      -61631.0058        49.87      10.95
     661000     27      -99033.2780        49.93      10.95
     662000     31     -122262.8208        49.99      10.95
     663000      8      -24795.8371        50.05      10.95
     664000      9      -26560.8151        50.10      10.95
     665000      2       -2861.2835        50.16      10.95
     666000      2       -1621.7972        50.21      10.96
     667000     21      -73510.6409        50.26      10.96
     668000     20      -73403.0320        50.31      10.96
     669000     19      -67059.7841        50.35      10.96
     670000      1           0.0000        50.40      10.96
     671000      5      -13518.0759        50.44      10.96
     672000      2       -1861.8072        50.48      10.97
     673000     16      -51281.5309        50.51      10.97
     674000     24      -95022.6146        50.53      10.97
     675000     25      -89041.5979        50.55      10.97
     676000     30     -110345.5600        50.57      10.97
     677000     34     -132935.2604        50.58      10.96
     678000     26     -100361.5166        50.58      10.96
     679000     20      -73586.7299        50.58      10.96
     680000     32     -121362.1679        50.57      10.96
     681000     25      -86617.6557        50.56      10.96
     682000     16      -56406.7800        50.55      10.96
     683000     18      -59246.9510        50.53      10.96
     684000     31     -114831.2595        50.50      10.96
     685000     33     -124439.2868        50.46      10.96
     686000     22      -84364.5692        50.42      10.96
     687000     25      -93827.4574        50.38      10.96
     688000      5      -13320.1270        50.33      10.95
     689000      7      -21530.0715        50.28      10.96
     690000      4      -11827.5538        50.23      10.96
     691000     11      -37321.1971        50.17      10.96
     692000      8      -26895.9289        50.12      10.96
     693000     16      -55474.2188        50.07      10.97
     694000     12      -39617.7073        50.01      10.97
     695000     24      -81381.4917        49.94      10.97
     696000     21      -69761.0801        49.88      10.97
     697000     18      -65340.2723        49.81      10.97
     698000     31     -109379.7146        49.75      10.97
     699000     32     -109352.8304        49.70      10.97
     700000     26      -99599.6898        49.64      10.96
     701000     13      -38883.0374        49.60      10.97
     702000      3       -6048.5212        49.57      10.97
     703000      9      -26989.5592        49.54      10.97
     704000      8      -24803.6356        49.52      10.98
     705000     21      -70984.2156        49.51      10.98
     706000     25      -91321.7441        49.49      10.98
     707000     22      -83282.0661        49.47      10.98
     708000     24      -83461.4586        49.46      10.98
     709000     23      -84221.6756        49.45      10.98
     710000      6      -17385.2799        49.45      10.98
     711000     14      -46691.7716        49.46      10.98
     712000     22      -78407.4665        49.47      10.98
     713000     20      -66526.6266        49.49      10.98
     714000     28     -107506.8026        49.51      10.98
     715000     27     -109352.8116        49.53      10.97
     716000     21      -70027.5901        49.56      10.97
     717000     16      -54440.5645        49.59      10.97
     718000     29     -109310.0443        49.63      10.97
     719000     29     -114845.9044        49.66      10.97
     720000     33     -128440.7495        49.70      10.97
     721000     29     -100870.6857        49.75      10.96
     722000     24      -86196.9537        49.80      10.96
     723000     31     -117541.9744        49.84      10.96
     724000     29     -111211.6727        49.89      10.95
     725000     20      -70980.6693        49.95      10.95
     726000     22      -82522.5929        50.00      10.95
     727000     18      -58552.5715        50.06      10.95
     728000      5      -16152.1614        50.11      10.95
     729000     13      -45744.6562        50.16      10.96
     730000     13      -42462.0404        50.21      10.96
     731000     13      -36785.3244        50.25      10.96
     732000     13      -44965.2344        50.30      10.96
     733000     26      -91454.4684        50.34      10.95
     734000     25      -87106.7303        50.38      10.95
     735000     21      -71320.3094        50.41      10.95
     736000     19      -74015.4247        50.44      10.95
     737000     26     -102092.8126        50.47      10.95
     738000     23      -85227.0042        50.49      10.95
     739000     11      -35502.7676        50.51      10.95
     740000     27      -94447.2027        50.53      10.95
     741000     22      -77360.6866        50.54      10.95
     742000     35     -129931.7706        50.54      10.94
     743000     35     -132083.9221        50.53      10.94
     744000     27     -103121.0222        50.53      10.93
     745000     31     -111047.7057        50.51      10.93
     746000     26      -91516.7958        50.49      10.93
     747000     17      -66680.8418        50.47      10.93
     748000      4       -9465.5819        50.45      10.93
     749000      7      -21410.1694        50.44      10.94
     750000      4      -12281.6451        50.41      10.94
     751000     12      -37412.1329        50.38      10.94
     752000      2       -2963.4849        50.35      10.95
     753000     20      -64683.0379        50.31      10.95
     754000     14      -43529.5408        50.26      10.95
     755000     13      -41797.2313        50.21      10.95
     756000      8      -25911.2184        50.16      10.96
     757000     20      -58057.2706        50.10      10.96
     758000      3       -4965.3372        50.05      10.96
     759000     10      -32989.2405        50.00      10.96
     760000     18      -59727.3920        49.94      10.97
     761000     18      -64720.2567        49.88      10.96
     762000     24      -87044.7687        49.82      10.96
     763000     34     -127668.3690        49.76      10.96
     764000     30     -107211.9961        49.71      10.96
     765000     26      -95051.6059        49.66      10.96
     766000     13      -41595.7524        49.61      10.96
     767000     24      -90060.2626        49.56      10.96
     768000     28      -95612.4059        49.52      10.96
     769000     27     -101408.3292        49.49      10.95
     770000     35     -137047.7158        49.45      10.95
     771000     35     -126082.3155        49.43      10.95
     772000     32     -126559.5017        49.40      10.94
     773000     22      -85036.3704        49.39      10.94
     774000     30     -114257.1928        49.37      10.94
     775000     28     -110817.0537        49.37      10.94
     776000     30     -106846.7223        49.36      10.94
     777000     34     -125477.8161        49.37      10.93
     778000     33     -128460.2606        49.38      10.92
     779000     30     -112469.2205        49.39      10.92
     780000     23      -80586.6832        49.41      10.92
     781000     15      -49075.6160        49.43      10.92
     782000      5      -14545.9404        49.46      10.92
     783000      6      -17309.8577        49.50      10.92
     784000     10      -28182.9063        49.53      10.93
     785000      8      -21150.7609        49.57      10.93
     786000      2       -2083.8772        49.61      10.93
     787000     20      -68287.8982        49.65      10.94
     788000     15      -43054.9860        49.70      10.93
     789000     11      -34584.6382        49.74      10.94
     790000     34     -122832.3628        49.79      10.94
     791000     33     -126606.3306        49.84      10.94
     792000     35     -132191.5371        49.88      10.93
     793000     31     -117886.9522        49.94      10.93
     794000     31     -106019.4768        49.99      10.92
     795000     22      -81679.2698        50.04      10.92
     796000     26      -96082.5442        50.09      10.92
     797000     29     -114172.2510        50.14      10.92
     798000     28     -102407.5402        50.19      10.92
     799000     33     -123361.9978        50.24      10.91
     800000     18      -54462.2361        50.28      10.91
     801000      8      -23817.6537        50.33      10.91
     802000      5      -13934.9656        50.37      10.92
     803000      5      -14792.4525        50.41      10.92
     804000     17      -60686.5621        50.44      10.92
     805000     25      -93759.6025        50.48      10.92
     806000     30     -113250.3043        50.51      10.92
     807000     31     -111839.8746        50.53      10.91
     808000     22      -76351.0889        50.55      10.91
     809000     18      -63592.2527        50.57      10.91
     810000      2       -2558.4536        50.59      10.91
     811000      7      -21674.2027        50.61      10.91
     812000      4      -10738.4815        50.62      10.92
     813000      4      -10882.3277        50.63      10.92
     814000     18      -64638.8761        50.63      10.92
     815000     16      -58586.9944        50.62      10.92
     816000     28     -112255.1757        50.61      10.92
     817000     26      -95521.5348        50.58      10.92
     818000      7      -15652.9966        50.57      10.92
     819000      8      -22755.2434        50.57      10.93
     820000      1           0.0000        50.55      10.93
     821000      9      -28909.0536        50.53      10.94
     822000     11      -38029.0493        50.49      10.94
     823000     34     -126546.4658        50.45      10.94
     824000     32     -122949.2203        50.40      10.93
     825000     27      -94794.7017        50.35      10.93
     826000     25      -92686.2573        50.30      10.93
     827000     25      -96315.4347        50.24      10.93
     828000     19      -62457.5118        50.19      10.93
     829000     17      -55008.9348        50.14      10.93
     830000     14      -44109.7801        50.08      10.93
     831000     18      -62059.5290        50.02      10.93
     832000     25      -92484.5697        49.97      10.93
     833000     27     -106480.0293        49.91      10.93
     834000     22      -78511.0366        49.85      10.93
     835000     19      -69969.8208        49.79      10.93
     836000     28     -103342.5884        49.74      10.93
     837000     29     -104466.3448        49.68      10.92
     838000     31     -114259.8137        49.63      10.92
     839000     27      -98976.1075        49.59      10.92
     840000     22      -75091.7102        49.54      10.92
     841000     22      -81915.3072        49.50      10.92
     842000     30     -118128.8470        49.46      10.92
     843000     18      -63235.8123        49.43      10.92
     844000      5      -12822.0367        49.41      10.92
     845000      8      -21656.7836        49.40      10.93
     846000      8      -22064.4563        49.39      10.93
     847000     10      -27204.7754        49.39      10.94
     848000      3       -6820.6473        49.38      10.94
     849000      1           0.0000        49.38      10.94
     850000      2       -2780.5573        49.39      10.94
     851000     15      -51105.1584        49.40      10.94
     852000     27      -97681.9478        49.41      10.94
     853000     30     -114382.9927        49.42      10.94
     854000     34     -123070.2398        49.43      10.94
     855000     20      -72681.4149        49.45      10.94
     856000     34     -127072.1379        49.48      10.94
     857000     32     -117697.0862        49.50      10.93
     858000     34     -132563.5438        49.53      10.93
     859000     29     -108547.3328        49.57      10.93
     860000     29      -99985.7678        49.60      10.93
     861000      4      -10412.2604        49.64      10.93
     862000      5      -14174.2390        49.68      10.93
     863000      1           0.0000        49.72      10.93
     864000      1           0.0000        49.76      10.94
     865000      5      -14549.4778        49.80      10.94
     866000      2       -2055.2811        49.85      10.94
     867000     20      -65356.4121        49.89      10.95
     868000     13      -44980.4086        49.94      10.94
     869000      3       -6525.6305        49.99      10.95
     870000      3       -5051.3612        50.03      10.95
     871000     25      -81989.3134        50.08      10.95
     872000     15      -50938.1338        50.12      10.95
     873000      7      -23202.3517        50.17      10.95
     874000      2       -2869.4951        50.21      10.96
     875000     17      -47219.5016        50.26      10.96
     876000     12      -40971.2350        50.30      10.96
     877000     12      -39946.8221        50.34      10.96
     878000      4       -8009.6588        50.38      10.96
     879000      7      -19388.0629        50.42      10.96
     880000      2       -2179.2876        50.45      10.97
     881000      2       -2107.3487        50.48      10.97
     882000     35     -118678.4843        50.51      10.98
     883000     35     -129994.9812        50.53      10.97
     884000     32     -113869.7594        50.55      10.97
     885000     33     -116920.2078        50.57      10.96
     886000     28     -109931.9539        50.58      10.96
     887000     19      -63348.1409        50.59      10.96
     888000     23      -81288.0686        50.60      10.96
     889000     22      -79864.0128        50.60      10.96
     890000     28     -106920.7677        50.59      10.96
     891000     35     -139842.9179        50.58      10.95
     892000     28     -109827.0428        50.57      10.95
     893000     23      -79686.2937        50.55      10.95
     894000     28     -105974.6730        50.53      10.95
     895000     32     -125699.5958        50.50      10.95
     896000     30     -110080.8459        50.47      10.95
     897000     33     -123382.1795        50.43      10.94
     898000     16      -50823.5507        50.39      10.94
     899000     10      -29223.2805        50.35      10.94
     900000      3       -2991.0273        50.32      10.95
     901000     19      -71478.7076        50.28      10.95
     902000      7      -19393.9466        50.23      10.95
     903000     18      -60387.9936        50.18      10.95
     904000     31     -113184.4516        50.13      10.95
     905000     35     -137474.9216        50.08      10.94
     906000     21      -80682.9160        50.03      10.94
     907000      8      -24380.4767        49.97      10.94
     908000      4      -12222.3406        49.93      10.94
     909000     19      -65905.2813        49.88      10.94
     910000     23      -73590.5496        49.84      10.95
     911000     35     -135973.0164        49.79      10.94
     912000     31     -105321.4867        49.74      10.94
     913000      9      -27590.7161        49.70      10.94
     914000     19      -62524.6103        49.66      10.94
     915000     21      -68390.7250        49.63      10.94
     916000      3       -5806.4360        49.61      10.95
     917000      9      -27736.7832        49.58      10.95
     918000     21      -80629.3321        49.56      10.95
     919000     21      -77696.6329        49.53      10.95
     920000     30     -114399.4437        49.51      10.95
     921000     22      -87024.5224        49.50      10.95
     922000     12      -36402.3064        49.49      10.95
     923000      2       -2283.2174        49.50      10.95
     924000      5      -14028.1612        49.51      10.95
     925000      1           0.0000        49.52      10.96
     926000     15      -52926.4762        49.53      10.96
     927000      7      -22010.1333        49.54      10.96
     928000     27      -96172.8199        49.56      10.96
     929000     34     -130931.3243        49.58      10.96
     930000     24      -87534.5292        49.60      10.96
     931000     28     -103807.4161        49.63      10.96
     932000     31     -113590.8972        49.65      10.95
     933000     35     -127206.2841        49.69      10.95
     934000     33     -122878.8068        49.72      10.95
     935000     33     -122556.6649        49.75      10.94
     936000     32     -125054.9018        49.79      10.94
     937000     33     -128481.8142        49.82      10.94
     938000      9      -25125.5620        49.86      10.94
     939000      3       -7205.7672        49.90      10.94
     940000      2       -1645.3941        49.94      10.95
     941000      2       -2733.4801        49.98      10.95
     942000      5      -15721.5378        50.02      10.95
     943000     17      -57135.1765        50.07      10.95
     944000     22      -84149.4515        50.11      10.95
     945000     32     -117307.7585        50.15      10.95
     946000     33     -120395.4253        50.19      10.95
     947000     23      -88268.7068        50.22      10.95
     948000      4       -9785.0920        50.26      10.95
     949000     12      -37621.1745        50.29      10.95
     950000      7      -21067.2063        50.33      10.95
     951000      4      -11254.5644        50.36      10.95
     952000      1           0.0000        50.38      10.96
     953000     10      -31776.0942        50.41      10.96
     954000     22      -77614.4423        50.43      10.96
     955000     12      -35352.4128        50.45      10.96
     956000      1           0.0000        50.47      10.96
     957000      9      -29335.4858        50.48      10.96
     958000      1           0.0000        50.49      10.97
     959000     33     -129599.2259        50.50      10.96
     960000     32     -119143.8713        50.49      10.96
     961000     29     -115212.6647        50.49      10.96
     962000     29     -107963.3827        50.47      10.96
     963000     24      -86815.8167        50.46      10.96
     964000     23      -76785.8887        50.44      10.96
     965000     33     -130170.0878        50.42      10.95
     966000     19      -73096.0114        50.39      10.95
     967000     24      -77338.1926        50.36      10.95
     968000     32     -129799.1644        50.32      10.95
     969000     28     -108072.0862        50.29      10.95
     970000     25      -87800.8644        50.25      10.95
     971000     20      -74054.0615        50.20      10.94
     972000     29     -110266.5685        50.16      10.94
     973000     26      -98088.3030        50.11      10.94
     974000     12      -42493.9927        50.07      10.94
     975000     21      -73413.8558        50.02      10.94
     976000     17      -54073.7834        49.97      10.94
     977000     14      -45907.9481        49.93      10.94
     978000      8      -23161.1403        49.89      10.94
     979000     19      -69295.1906        49.85      10.94
     980000     29     -112970.5723        49.80      10.94
     981000     27     -107709.3807        49.76      10.94
     982000     31     -113730.5576        49.73      10.94
     983000     35     -141490.7517        49.69      10.94
     984000     31     -117969.4727        49.66      10.93
     985000     31     -105585.1742        49.63      10.93
     986000     21      -78789.0438        49.60      10.93
     987000     25      -89030.8732        49.59      10.93
     988000     10      -29496.1171        49.57      10.93
     989000     23      -87553.9914        49.56      10.93
     990000     15      -42470.1318        49.56      10.93
     991000      9      -25741.4377        49.57      10.93
     992000      4      -11541.4971        49.58      10.94
     993000      8      -22193.5221        49.59      10.94
     994000      2       -2530.2770        49.60      10.94
     995000      9      -28416.1809        49.62      10.95
     996000     17      -57887.3232        49.64      10.95
     997000      2       -2232.7215        49.66      10.95
     998000      7      -19153.4609        49.69      10.96
     999000     11      -31768.9798        49.71      10.96
    1000000      1           0.0000        49.74      10.96
 --------------------------------------------
 Lennard-Jones Energy:   0.0000000000000000     
 Eletrostatic Energy:   0.0000000000000000     
 Intra Lennard-Jones Energy:   0.0000000000000000     
 Intra Eletrostatic Energy:   0.0000000000000000     
 Stretch Energy:   0.0000000000000000     
 Bending Energy:   0.0000000000000000     
 Torsional Energy   0.0000000000000000     
 Simulation Time:   1387.2540449999999     
 Final Energy:   0.0000000000000000      kb        
 Final Cluster Size:           1
 Final Displacement   8.3525823843311434E-002
 Acceptance Rate Trans:   49.740122457202034     
 Acceptance Rate CBMC:   0.0000000000000000     
 Acceptance Rate Swap:   10.962498406817849     
 Acceptance Rate Rotate:   50.122513295431773     
 Cluster Criteria Rejections:   26.556771595840871     
 Acceptance Swap In (Mol Type):   11.330189275895380     
 Acceptance Swap Out (Mol Type):   11.250100969106409     
 Cluster Criteria Rejections:   0.0000000000000000     
 Waiting for all processes to finish...
 Writting output...
 Compressing Histogram Data...
 Finished Compressing Histogram Data...
 Histogram Outputted....
 Finished!
