 Lennard-Jones Energy:   0.0000000000000000     
 Eletrostatic Energy:   0.0000000000000000     
 Intra Lennard-Jones Energy:   0.0000000000000000     
 Intra Eletrostatic Energy:   0.0000000000000000     
 Stretch Energy:   0.0000000000000000     
 Bending Energy:   0.0000000000000000     
 Torsional Energy   0.0000000000000000     
 MPI threads:           3
 Thread ID:           2
 Random Seed:        9224
 Number of Molecule Types:      1
 Number of Initial Particles:           1
 Number of Atoms per Molecule:           4
 Number of Cycles:               500000
 Number of Moves per Cycle:                  100
 Criteria Type: Energy
 Distance Criteria:   4.0000000000000000     
 Distance Criteria SQ:   16.000000000000000     
 AVBMC Volume:   268.08257310632899     
 Energy Criteria:
  -500.00000000000000     
 AVBMC E_Bias Alpha:
   4.3333333333333337E-004
 Temperature:   300.00000000000000     
 Gas Phase Density:   6.0000000000000002E-006
 Initial Energy:   0.0000000000000000      kb        
 ------------------------------------------------
          Simulation Start!
 ------------------------------------------------
 Cycle # Particles Energy Acceptance Rates
       1000      5      -11664.1816        97.39      11.41
       2000     13      -39423.5105        97.40      12.74
       3000     20      -63404.1435        97.02      11.92
       4000     17      -59660.3606        96.86      11.35
       5000     22      -78567.7088        96.65      11.00
       6000     26      -85906.5588        96.41      10.81
       7000     30     -110928.8501        96.10      10.31
       8000     29     -107335.5221        95.82       9.43
       9000     27      -97641.5349        95.53       8.76
      10000     23      -88088.9968        95.25       8.75
      11000     23      -83123.4511        94.96       8.83
      12000     20      -72770.6317        94.64       8.90
      13000     23      -76398.1418        94.35       8.97
      14000     27      -98055.2537        93.98       9.03
      15000     29     -106885.2731        93.60       8.80
      16000     28     -106860.5891        93.18       8.83
      17000     30     -107079.2536        92.77       8.79
      18000     30     -111115.4732        92.29       8.65
      19000     30     -116716.2765        91.76       8.49
      20000     25      -83098.1931        91.22       8.52
      21000     10      -30411.8449        90.75       8.62
      22000     16      -57159.8717        90.26       8.79
      23000     20      -70789.4277        89.62       8.79
      24000     19      -69003.9427        88.92       8.81
      25000     23      -77391.9441        88.14       8.84
      26000     30     -102454.0578        87.26       8.76
      27000      9      -24976.6774        86.38       8.79
      28000     20      -62036.5604        85.59       8.86
      29000      6      -15053.1649        84.95       8.99
      30000      4      -11109.3722        83.97       9.03
      31000     16      -57998.7146        83.13       9.16
      32000     13      -37878.8022        81.96       9.17
      33000      1           0.0000        81.05       9.27
      34000      7      -20183.9299        80.13       9.39
      35000     16      -50922.6002        79.01       9.47
      36000     12      -38657.2744        77.62       9.47
      37000     23      -85748.8193        76.22       9.47
      38000     28     -101666.6237        74.76       9.48
      39000     20      -73294.9722        73.30       9.47
      40000     21      -81693.3930        71.85       9.47
      41000      6      -17208.6027        70.44       9.49
      42000      9      -25566.8003        69.16       9.55
      43000      9      -26012.6847        67.97       9.62
      44000     10      -33482.2373        66.69       9.67
      45000      2       -2393.4789        65.73       9.80
      46000     11      -36506.6490        64.44       9.83
      47000     17      -58117.8332        63.24       9.88
      48000     11      -35381.2513        61.97       9.88
      49000     14      -45279.7566        60.78       9.91
      50000      5      -12659.5644        59.66       9.95
      51000      5      -11092.2194        58.81      10.07
      52000     12      -38407.0499        57.70      10.09
      53000     15      -51946.8396        56.60      10.08
      54000     16      -57443.2013        55.54      10.06
      55000      9      -31289.6625        54.51      10.06
      56000      1           0.0000        53.62      10.09
      57000     12      -37082.7103        52.74      10.14
      58000      2       -1881.1662        51.97      10.20
      59000      5      -14757.9894        51.23      10.26
      60000      3       -6379.9626        50.44      10.29
      61000      4       -6247.1935        49.89      10.41
      62000      4       -8473.9597        49.25      10.49
      63000     15      -48735.5547        48.52      10.52
      64000     19      -56680.4041        47.76      10.52
      65000      1           0.0000        47.06      10.54
      66000     10      -28773.5100        46.35      10.55
      67000     23      -83578.1439        45.68      10.53
      68000     27      -99346.0193        45.03      10.49
      69000     24      -92098.5869        44.41      10.47
      70000     24      -89764.3870        43.83      10.45
      71000     20      -71275.3871        43.30      10.42
      72000     15      -48358.7078        42.80      10.42
      73000     19      -62708.8606        42.36      10.41
      74000      4       -8295.7911        41.97      10.41
      75000     10      -32472.3715        41.71      10.43
      76000      3       -5731.2492        41.47      10.45
      77000     10      -33472.6175        41.41      10.50
      78000     13      -41771.0717        41.23      10.49
      79000     21      -67846.7090        41.12      10.49
      80000     18      -57726.7729        41.05      10.48
      81000     14      -46519.0519        41.06      10.48
      82000      7      -18958.0143        41.15      10.51
      83000     26      -96236.5253        41.24      10.51
      84000     27     -101867.7013        41.34      10.48
      85000     17      -56845.2596        41.49      10.46
      86000      8      -24261.3391        41.70      10.45
      87000     10      -32496.9605        41.95      10.46
      88000      8      -23876.1488        42.25      10.46
      89000     16      -57948.0046        42.56      10.46
      90000     13      -42798.4504        42.90      10.45
      91000     27      -94704.3075        43.25      10.45
      92000     26      -93062.9035        43.60      10.42
      93000     29     -112029.4788        43.98      10.37
      94000     29     -102012.2013        44.37      10.31
      95000     29     -111003.6726        44.76      10.25
      96000     29     -110653.6108        45.16      10.19
      97000     29     -111212.7168        45.57      10.15
      98000     28     -104272.5777        45.99      10.09
      99000     18      -63852.4672        46.42      10.08
     100000     16      -55337.7315        46.86      10.07
     101000      5      -10394.3149        47.30      10.08
     102000      7      -21694.7734        47.74      10.10
     103000     16      -50002.3610        48.19      10.10
     104000     11      -33726.0613        48.63      10.11
     105000     26      -91665.5948        49.07      10.10
     106000     29     -101344.4598        49.50      10.10
     107000     29      -96200.5833        49.94      10.05
     108000     26      -94208.4511        50.36      10.04
     109000     30     -111516.0617        50.77      10.00
     110000     28     -101367.3277        51.17       9.93
     111000     29     -105994.8044        51.55       9.92
     112000     30     -116017.4208        51.93       9.91
     113000     23      -88587.2133        52.28       9.88
     114000     23      -81209.0724        52.61       9.87
     115000     15      -51255.1699        52.94       9.88
     116000     15      -52220.9241        53.25       9.86
     117000     18      -64416.4453        53.54       9.86
     118000     19      -77259.2733        53.82       9.86
     119000     24      -87470.4283        54.08       9.85
     120000     25      -91781.6096        54.31       9.85
     121000     22      -80471.9635        54.52       9.81
     122000     22      -81354.8923        54.72       9.81
     123000     22      -76823.1261        54.90       9.80
     124000      2       -1787.3825        55.08       9.82
     125000     22      -76526.8261        55.24       9.85
     126000      5      -14098.8206        55.36       9.85
     127000     16      -52619.5963        55.48       9.87
     128000     16      -55723.3263        55.54       9.87
     129000      4       -8677.4970        55.61       9.89
     130000      6      -10797.2436        55.67       9.92
     131000      6      -17813.4765        55.70       9.95
     132000      6      -17997.9428        55.70       9.97
     133000     15      -48957.2694        55.64       9.97
     134000      9      -27755.1393        55.56       9.98
     135000     14      -48631.7418        55.43       9.98
     136000     18      -64415.7960        55.28       9.98
     137000     18      -65339.2722        55.08       9.97
     138000     18      -57754.7151        54.85       9.97
     139000     19      -70341.0848        54.64       9.97
     140000     28     -103014.1041        54.35       9.95
     141000     18      -66272.6322        54.05       9.93
     142000     13      -43980.8491        53.76       9.93
     143000     18      -62588.9688        53.46       9.93
     144000      3       -6172.7053        53.16       9.93
     145000      1          -0.0000        52.90       9.96
     146000      9      -28714.8891        52.64       9.98
     147000     18      -61964.1891        52.31       9.98
     148000      2       -1898.4160        52.01      10.00
     149000     13      -46328.3113        51.70      10.01
     150000     19      -60252.9580        51.37      10.01
     151000     22      -81930.4636        51.03      10.01
     152000     20      -71744.6626        50.69      10.00
     153000     18      -65200.7406        50.35       9.99
     154000     14      -51215.8915        50.02       9.99
     155000     16      -52633.6195        49.69       9.98
     156000     22      -75326.6128        49.37       9.98
     157000     26      -92977.8597        49.06       9.97
     158000     26      -97892.0673        48.75       9.96
     159000     30     -113320.2461        48.44       9.94
     160000     19      -64689.8888        48.15       9.93
     161000     23      -81305.3339        47.86       9.93
     162000     27      -99120.1542        47.58       9.93
     163000     26      -87628.5649        47.32       9.92
     164000     27      -94945.0712        47.07       9.92
     165000      5      -13993.9636        46.84       9.92
     166000     11      -33225.0675        46.66       9.93
     167000     10      -32529.9197        46.47       9.93
     168000      7      -17563.3321        46.35       9.95
     169000     15      -49423.1011        46.18       9.95
     170000     10      -31664.4682        46.10       9.97
     171000      3       -4175.6566        46.05      10.00
     172000     12      -36420.3033        46.02      10.02
     173000     24      -86733.1049        45.94      10.02
     174000      4      -11209.6460        45.90      10.02
     175000      6      -15102.7159        45.93      10.04
     176000      9      -25202.1964        45.96      10.06
     177000     21      -76128.3792        46.01      10.06
     178000     14      -42578.1375        46.04      10.06
     179000      4      -11849.7094        46.13      10.08
     180000      7      -21416.7681        46.24      10.10
     181000     14      -46465.0629        46.35      10.10
     182000     25      -93005.3101        46.47      10.09
     183000     10      -31515.9628        46.60      10.09
     184000     21      -81545.6783        46.74      10.09
     185000     26     -100010.0548        46.89      10.08
     186000     28      -97903.6123        47.06      10.07
     187000     25      -93726.8577        47.23      10.06
     188000     20      -67210.5630        47.41      10.06
     189000      8      -21170.2954        47.61      10.06
     190000      4       -8755.7956        47.81      10.07
     191000      5      -12343.1915        48.02      10.08
     192000      5      -10859.6939        48.22      10.09
     193000      2       -1941.7089        48.40      10.13
     194000      6       -9851.2397        48.59      10.15
     195000      7      -20862.7694        48.80      10.17
     196000      7      -19205.7385        49.03      10.17
     197000      7      -20632.1595        49.26      10.17
     198000      9      -25969.4220        49.47      10.18
     199000     16      -56912.4319        49.70      10.19
     200000     17      -52487.8028        49.93      10.18
     201000     14      -45882.6824        50.16      10.18
     202000     16      -51172.4838        50.39      10.18
     203000     11      -36049.6558        50.61      10.18
     204000     13      -41643.8430        50.82      10.18
     205000     17      -62444.1755        51.02      10.18
     206000     17      -62879.3716        51.22      10.17
     207000     18      -59016.6955        51.42      10.17
     208000     16      -58560.5208        51.60      10.16
     209000      4      -10228.5352        51.78      10.17
     210000     14      -45466.2915        51.96      10.17
     211000     20      -71457.4785        52.12      10.17
     212000     11      -36548.3404        52.28      10.17
     213000      4       -9692.0812        52.43      10.17
     214000      3       -5697.8302        52.57      10.17
     215000     10      -33184.2440        52.70      10.17
     216000     11      -35775.5209        52.82      10.17
     217000      8      -25095.5986        52.93      10.18
     218000      7      -21936.7486        53.03      10.19
     219000     10      -32291.1633        53.13      10.20
     220000     15      -49564.7285        53.19      10.20
     221000     23      -83988.3233        53.24      10.20
     222000     21      -75791.6329        53.26      10.19
     223000     30     -106590.1270        53.27      10.19
     224000     30     -110180.4194        53.27      10.18
     225000     17      -58746.7789        53.24      10.17
     226000     30     -110346.6058        53.20      10.16
     227000     23      -91108.5093        53.13      10.15
     228000     19      -70723.9560        53.05      10.14
     229000     11      -36031.8535        52.95      10.14
     230000      6      -15279.4789        52.85      10.14
     231000      1          -0.0000        52.76      10.14
     232000     19      -63998.9491        52.64      10.15
     233000      2       -2732.9217        52.54      10.16
     234000     29     -111895.3325        52.38      10.16
     235000     19      -71532.6864        52.20      10.15
     236000      8      -25805.6086        52.02      10.15
     237000     25      -91711.4043        51.84      10.15
     238000     30     -105945.7017        51.64      10.14
     239000     19      -68689.1038        51.44      10.12
     240000     14      -43989.2308        51.24      10.12
     241000      9      -26431.1429        51.06      10.13
     242000     19      -65181.9449        50.87      10.14
     243000     21      -66890.8082        50.66      10.13
     244000     20      -73034.4870        50.45      10.13
     245000     18      -62866.7835        50.25      10.13
     246000      4       -7417.3384        50.04      10.13
     247000      2       -1845.7842        49.90      10.15
     248000      1          -0.0000        49.76      10.17
     249000     15      -49946.5408        49.59      10.19
     250000      2       -1351.3821        49.41      10.19
     251000      8      -24898.9011        49.23      10.20
     252000     14      -49000.4281        49.05      10.19
     253000     15      -51478.6813        48.86      10.19
     254000     13      -46229.9943        48.68      10.19
     255000     14      -45651.2176        48.51      10.19
     256000     26      -95837.7858        48.34      10.18
     257000     23      -83734.8289        48.18      10.17
     258000     15      -49746.8369        48.04      10.17
     259000     24      -88375.6979        47.90      10.17
     260000     26      -96290.6584        47.77      10.15
     261000      8      -21889.3964        47.66      10.15
     262000     13      -40520.0709        47.62      10.16
     263000     11      -35387.9094        47.54      10.16
     264000      2       -2703.5114        47.51      10.17
     265000      9      -29715.5742        47.49      10.18
     266000     13      -37445.1295        47.47      10.18
     267000      5      -11624.3353        47.48      10.19
     268000      2       -2294.4012        47.49      10.20
     269000      5      -14283.5852        47.54      10.21
     270000     18      -60857.0945        47.57      10.21
     271000     27      -98743.0294        47.61      10.20
     272000     18      -65254.5198        47.66      10.20
     273000     17      -55980.8796        47.73      10.20
     274000      2       -2020.4376        47.81      10.20
     275000      1          -0.0000        47.90      10.22
     276000      6      -15731.8553        48.00      10.23
     277000     10      -25621.4698        48.11      10.25
     278000      3       -5314.9486        48.23      10.25
     279000      1          -0.0000        48.34      10.26
     280000      3       -6832.1021        48.46      10.26
     281000      7      -13480.1734        48.59      10.28
     282000     16      -53735.4224        48.73      10.28
     283000      3       -5679.3919        48.85      10.28
     284000     15      -49412.5686        48.99      10.29
     285000     10      -35200.6536        49.13      10.28
     286000     13      -50009.3712        49.28      10.28
     287000     19      -60150.8443        49.43      10.27
     288000     22      -78398.5091        49.58      10.27
     289000     23      -83216.3039        49.74      10.26
     290000     14      -47993.1126        49.90      10.26
     291000      8      -22895.4134        50.05      10.26
     292000      1          -0.0000        50.20      10.27
     293000      8      -21199.7802        50.34      10.28
     294000      3       -6039.2198        50.49      10.29
     295000      4      -11247.9252        50.61      10.30
     296000      4      -11011.1640        50.75      10.31
     297000      2       -2770.9604        50.87      10.32
     298000      8      -24507.5645        50.99      10.33
     299000      9      -30974.4867        51.12      10.32
     300000      8      -23043.7491        51.24      10.32
     301000     10      -27486.6858        51.36      10.32
     302000     14      -43286.7692        51.46      10.33
     303000      8      -23529.0816        51.57      10.33
     304000     10      -32063.4447        51.67      10.33
     305000      7      -22810.5183        51.76      10.33
     306000      7      -21639.5833        51.84      10.34
     307000      1          -0.0000        51.92      10.36
     308000     11      -37484.2273        51.99      10.37
     309000      3       -6119.3389        52.04      10.37
     310000      3       -7650.2810        52.10      10.38
     311000      7      -15858.4143        52.14      10.39
     312000     15      -48839.3892        52.17      10.40
     313000     21      -73346.8606        52.18      10.39
     314000     12      -40295.1831        52.16      10.39
     315000      8      -21051.2373        52.17      10.40
     316000      3       -5531.2516        52.16      10.41
     317000      4       -6955.9749        52.16      10.42
     318000     26      -84179.5710        52.11      10.42
     319000     20      -76569.6667        52.03      10.42
     320000     25      -83015.4775        51.95      10.42
     321000     13      -42091.6523        51.85      10.41
     322000      5      -13964.6024        51.77      10.42
     323000      3       -4408.5702        51.70      10.43
     324000     14      -43503.9118        51.61      10.44
     325000     26      -90914.2628        51.48      10.43
     326000     29     -110972.9083        51.35      10.42
     327000     25      -85215.6083        51.20      10.42
     328000      9      -22653.6735        51.06      10.42
     329000      9      -29668.9856        50.92      10.41
     330000      1          -0.0000        50.78      10.42
     331000      1          -0.0000        50.64      10.42
     332000      4       -5644.8611        50.54      10.43
     333000     12      -39665.7301        50.39      10.44
     334000     22      -78832.5048        50.23      10.44
     335000     21      -68226.6023        50.08      10.43
     336000     24      -88237.8008        49.93      10.43
     337000     26     -100578.5441        49.78      10.43
     338000     27     -107081.4700        49.63      10.42
     339000     23      -78529.6380        49.48      10.42
     340000     28      -98838.5424        49.34      10.41
     341000     19      -63042.4163        49.20      10.41
     342000      5      -14352.1162        49.07      10.41
     343000      6      -13714.1363        48.96      10.42
     344000      5      -12022.4201        48.85      10.42
     345000      6      -16906.7198        48.73      10.42
     346000     11      -36692.8102        48.61      10.42
     347000     27     -101488.1811        48.49      10.41
     348000     30     -117398.9787        48.39      10.41
     349000     25      -91614.9717        48.28      10.40
     350000     29     -110234.7231        48.19      10.39
     351000     17      -61625.8252        48.11      10.39
     352000     12      -38737.3241        48.05      10.39
     353000      8      -25357.0955        48.01      10.39
     354000     20      -74065.3618        47.97      10.39
     355000      3       -3119.6186        47.96      10.39
     356000     13      -43945.3046        47.95      10.39
     357000     13      -43585.1254        47.94      10.39
     358000     21      -74650.2547        47.95      10.39
     359000     20      -72669.4077        47.96      10.39
     360000     19      -70126.4650        47.98      10.38
     361000     24      -86762.0055        48.01      10.38
     362000     27      -99064.4046        48.06      10.37
     363000     28     -100911.4013        48.11      10.37
     364000     28     -101201.1687        48.17      10.36
     365000     30     -119687.8199        48.24      10.35
     366000     21      -78443.5907        48.31      10.34
     367000     20      -74624.9537        48.39      10.33
     368000     18      -63654.7346        48.47      10.33
     369000     19      -69102.2966        48.57      10.33
     370000     25      -97715.1158        48.67      10.33
     371000     30     -108844.3795        48.77      10.32
     372000     22      -80508.7354        48.87      10.32
     373000     21      -76676.4987        48.97      10.32
     374000     25      -80231.0303        49.08      10.31
     375000     16      -48089.4651        49.20      10.32
     376000      6      -16296.2566        49.31      10.32
     377000     10      -33303.1147        49.43      10.32
     378000      8      -24329.2402        49.55      10.32
     379000      7      -23213.3308        49.67      10.32
     380000     14      -48179.9101        49.79      10.32
     381000      3       -5003.6641        49.90      10.33
     382000      9      -23671.8271        50.00      10.34
     383000      6      -16597.9490        50.12      10.34
     384000      6      -14846.2664        50.24      10.34
     385000     12      -32109.9080        50.34      10.36
     386000     12      -37799.7984        50.45      10.36
     387000     14      -47218.0708        50.56      10.36
     388000     14      -43969.0738        50.67      10.35
     389000     22      -79978.1732        50.78      10.35
     390000     19      -67417.1112        50.88      10.35
     391000     11      -38594.4786        50.98      10.34
     392000     15      -49034.5898        51.08      10.34
     393000      5      -13192.5223        51.18      10.34
     394000      2       -2465.2917        51.26      10.35
     395000      4       -9106.2971        51.33      10.36
     396000     14      -47726.2364        51.41      10.37
     397000     17      -59070.6186        51.48      10.36
     398000     17      -60412.0115        51.55      10.36
     399000     27     -100825.4683        51.61      10.36
     400000     24      -86281.4831        51.66      10.36
     401000     17      -57832.8940        51.71      10.36
     402000      3       -6871.7356        51.75      10.35
     403000     10      -29644.8010        51.79      10.36
     404000      5       -9830.5410        51.83      10.37
     405000     16      -51717.1353        51.85      10.37
     406000     15      -50791.6010        51.86      10.37
     407000     16      -49827.5847        51.86      10.37
     408000     17      -55891.8698        51.85      10.37
     409000      4      -11801.2422        51.83      10.37
     410000      1           0.0000        51.82      10.38
     411000      3       -3324.2180        51.80      10.38
     412000     14      -47409.2234        51.76      10.38
     413000     26      -92710.2069        51.70      10.38
     414000     17      -62843.1900        51.63      10.38
     415000     16      -60134.6040        51.55      10.38
     416000     11      -37542.3784        51.46      10.38
     417000      9      -27442.8993        51.39      10.38
     418000     27     -107130.2654        51.29      10.37
     419000     20      -73222.6945        51.18      10.37
     420000     27      -95583.7041        51.07      10.36
     421000     26      -97779.5429        50.96      10.36
     422000     28      -91474.9846        50.85      10.35
     423000     16      -53891.3868        50.74      10.35
     424000     20      -68718.3804        50.62      10.35
     425000     29     -111402.1645        50.50      10.34
     426000     25      -87269.4061        50.39      10.34
     427000     17      -59151.2466        50.27      10.33
     428000     27      -99167.9577        50.15      10.33
     429000     10      -27075.6089        50.03      10.33
     430000     16      -52977.8724        49.91      10.33
     431000     19      -67674.2282        49.80      10.33
     432000     30     -110285.0687        49.68      10.32
     433000     25      -86805.4017        49.56      10.32
     434000     19      -72092.2391        49.45      10.32
     435000     20      -66346.0886        49.34      10.31
     436000      7      -19789.8688        49.23      10.31
     437000     11      -31958.7114        49.14      10.32
     438000     15      -45688.1586        49.05      10.32
     439000      7      -17636.6611        48.96      10.32
     440000     11      -35502.3931        48.87      10.33
     441000     13      -40621.1167        48.79      10.33
     442000     12      -39940.8695        48.71      10.33
     443000     21      -78681.4832        48.63      10.32
     444000      7      -19084.0621        48.56      10.32
     445000     17      -59499.7198        48.50      10.32
     446000     30     -111224.6674        48.45      10.32
     447000     29     -115834.7133        48.40      10.31
     448000     28      -96948.0143        48.36      10.30
     449000     25      -84610.0573        48.33      10.30
     450000     24      -86145.1922        48.31      10.29
     451000     26      -97214.9048        48.30      10.29
     452000     22      -73837.0799        48.30      10.29
     453000     25      -84089.0962        48.31      10.29
     454000     27     -100838.7817        48.33      10.28
     455000     11      -35440.2083        48.36      10.28
     456000     23      -85099.8472        48.39      10.28
     457000      7      -24337.5170        48.44      10.28
     458000     10      -29974.7543        48.49      10.28
     459000     23      -77803.4913        48.55      10.28
     460000     24      -83515.2403        48.60      10.28
     461000     20      -69689.5649        48.67      10.28
     462000     30     -105154.5931        48.73      10.27
     463000     29     -117025.9787        48.80      10.27
     464000     24      -89029.1133        48.88      10.26
     465000     29     -103111.0036        48.96      10.26
     466000     23      -85342.5380        49.04      10.25
     467000      3       -6820.4266        49.12      10.26
     468000      8      -24446.1026        49.20      10.26
     469000     12      -42022.3419        49.29      10.26
     470000     29     -104936.9410        49.38      10.26
     471000     11      -39871.7237        49.47      10.26
     472000      7      -18650.7854        49.56      10.27
     473000      5      -14277.7856        49.64      10.27
     474000      7      -20629.5192        49.73      10.28
     475000     11      -36646.0454        49.82      10.28
     476000     20      -67220.0119        49.92      10.28
     477000     15      -52348.5959        50.02      10.28
     478000     18      -64980.4154        50.12      10.28
     479000     14      -47464.9529        50.21      10.28
     480000     21      -73283.3066        50.31      10.28
     481000     12      -40915.9865        50.40      10.27
     482000     18      -53979.4823        50.49      10.27
     483000      1           0.0000        50.56      10.28
     484000     15      -51335.5579        50.65      10.28
     485000     10      -31148.0009        50.73      10.29
     486000     12      -42408.8798        50.82      10.29
     487000      7      -19207.0922        50.90      10.28
     488000      8      -22727.0476        50.97      10.29
     489000      7      -21407.8522        51.04      10.30
     490000     18      -65624.2593        51.11      10.29
     491000     14      -51942.7119        51.18      10.29
     492000      9      -24262.4866        51.24      10.29
     493000     12      -38897.4746        51.30      10.30
     494000     12      -40538.9902        51.36      10.30
     495000     19      -64847.1845        51.40      10.30
     496000     23      -82946.8179        51.44      10.29
     497000     25      -94163.8004        51.48      10.29
     498000     24      -93061.0886        51.51      10.29
     499000     18      -68851.3652        51.53      10.28
     500000     28     -104241.9718        51.54      10.28
 --------------------------------------------
 Lennard-Jones Energy:   22527.231562744608     
 Eletrostatic Energy:  -126769.20334287512     
 Intra Lennard-Jones Energy:   0.0000000000000000     
 Intra Eletrostatic Energy:   0.0000000000000000     
 Stretch Energy:   0.0000000000000000     
 Bending Energy:   0.0000000000000000     
 Torsional Energy   0.0000000000000000     
 Simulation Time:   443.54204299999998     
 Final Energy:  -104241.97178013051      kb        
 Final Cluster Size:          28
 Final Displacement  0.16864857933054858     
 Acceptance Rate Trans:   51.538246677733632     
 Acceptance Rate CBMC:   0.0000000000000000     
 Acceptance Rate Swap:   10.281321036087160     
 Acceptance Rate Rotate:   50.837299405831288     
 Cluster Criteria Rejections:   27.849961047489678     
 Acceptance Swap In (Mol Type):   10.662225165083864     
 Acceptance Swap Out (Mol Type):   10.599403581807925     
 Cluster Criteria Rejections:   0.0000000000000000     
 Waiting for all processes to finish...
 Writting output...
 Compressing Histogram Data...
 Finished Compressing Histogram Data...
 Histogram Outputted....
 Finished!
