           1   0.0000000000000000     
           2   3.3882244556343792     
           3   5.0519662354141728     
           4   5.7763710295067661     
           5   7.0487795932340607     
           6   8.2247551334553286     
           7   9.2091151762030954     
           8   9.9481445448574828     
           9   10.595545575636457     
          10   11.191825388074953     
          11   11.674178975710872     
          12   12.108748693510558     
          13   12.480510069647371     
          14   12.818527142845964     
          15   13.075988270057714     
          16   13.283419831292655     
          17   13.510610330290367     
          18   13.712827344222591     
          19   13.834634817095179     
          20   13.930242304669632     
          21   14.024787769974544     
          22   14.122398453488136     
          23   14.221992066986035     
          24   14.250654561046304     
          25   14.244978413927921     
          26   14.235722662515608     
          27   14.201488676390307     
          28   14.140429889109660     
          29   14.008443201087029     
          30   13.823490973957011     
