 Lennard-Jones Energy:   0.0000000000000000     
 Eletrostatic Energy:   0.0000000000000000     
 Intra Lennard-Jones Energy:   0.0000000000000000     
 Intra Eletrostatic Energy:   0.0000000000000000     
 Stretch Energy:   0.0000000000000000     
 Bending Energy:   0.0000000000000000     
 Torsional Energy   0.0000000000000000     
 MPI threads:           3
 Thread ID:           1
 Random Seed:        9220
 Number of Molecule Types:      1
 Number of Initial Particles:           1
 Number of Atoms per Molecule:           4
 Number of Cycles:               500000
 Number of Moves per Cycle:                  100
 Criteria Type: Energy
 Distance Criteria:   4.0000000000000000     
 Distance Criteria SQ:   16.000000000000000     
 AVBMC Volume:   268.08257310632899     
 Energy Criteria:
  -500.00000000000000     
 AVBMC E_Bias Alpha:
   4.3333333333333337E-004
 Temperature:   300.00000000000000     
 Gas Phase Density:   6.0000000000000002E-006
 Initial Energy:   0.0000000000000000      kb        
 ------------------------------------------------
          Simulation Start!
 ------------------------------------------------
 Cycle # Particles Energy Acceptance Rates
       1000      3       -7030.8635        98.36      14.76
       2000      8      -18971.4792        98.03      14.35
       3000      9      -28760.4054        97.57      13.63
       4000     11      -35870.5632        97.22      12.75
       5000      7      -21810.9852        97.03      12.24
       6000     21      -73382.6994        96.78      11.80
       7000     15      -53757.6686        96.49      11.50
       8000     10      -32590.7604        96.26      11.31
       9000     14      -46287.5548        95.94      11.14
      10000     10      -27782.0544        95.63      10.98
      11000     10      -28362.9014        95.39      10.92
      12000     11      -32651.9629        95.18      11.00
      13000     10      -34225.3718        94.87      11.00
      14000     14      -48947.3396        94.51      10.93
      15000      8      -24954.1076        94.12      10.86
      16000      2       -2672.7289        93.82      10.88
      17000      4      -10465.1023        93.64      11.12
      18000      5      -12209.9264        93.35      11.26
      19000     15      -50835.1485        92.98      11.32
      20000     22      -75016.0231        92.38      11.23
      21000      9      -29871.5890        91.73      11.13
      22000      9      -26556.3897        91.32      11.25
      23000     16      -58547.8691        90.68      11.30
      24000     13      -42188.1674        89.88      11.24
      25000     28     -105669.0978        89.05      11.14
      26000     12      -36684.8025        88.23      11.05
      27000     18      -61508.7869        87.45      11.04
      28000      6      -13894.7807        86.82      11.11
      29000     15      -43775.3755        85.84      11.09
      30000     14      -47013.7538        84.99      11.14
      31000     22      -69831.1212        83.76      11.09
      32000     15      -53835.2033        82.55      11.03
      33000     12      -38478.2058        81.26      11.00
      34000     13      -42338.8399        80.18      11.01
      35000     12      -36220.5671        78.82      10.96
      36000      4      -10535.6551        77.70      11.01
      37000      6      -16730.0076        76.60      11.06
      38000      8      -25389.7170        75.39      11.09
      39000     10      -31505.6694        74.11      11.12
      40000     10      -29696.2743        72.76      11.12
      41000     20      -70742.8268        71.36      11.12
      42000     23      -80459.0049        69.85      11.09
      43000     30     -104167.9851        68.37      11.04
      44000     22      -76280.0764        66.90      10.94
      45000     17      -56519.0994        65.52      10.91
      46000      1           0.0000        64.38      10.96
      47000      4      -11644.1820        63.15      10.97
      48000      5      -15005.8586        62.04      11.01
      49000      7      -20849.4643        60.77      10.99
      50000      2       -2575.7712        59.63      10.98
      51000     13      -38083.3522        58.65      11.03
      52000      9      -25191.3563        57.51      11.04
      53000      3       -5796.3882        56.53      11.08
      54000      1           0.0000        55.53      11.09
      55000      4       -8225.6577        54.61      11.12
      56000      2       -2192.3364        53.75      11.16
      57000      5      -14090.8095        52.79      11.15
      58000     10      -30218.3446        51.96      11.19
      59000      1           0.0000        51.18      11.23
      60000      8      -23343.3384        50.39      11.24
      61000     10      -28580.0009        49.55      11.23
      62000     17      -54313.8022        48.72      11.22
      63000     13      -42687.1077        47.94      11.20
      64000      7      -17859.5146        47.34      11.25
      65000      2       -2661.9380        46.62      11.24
      66000     16      -44995.5847        46.02      11.27
      67000     12      -41716.8292        45.42      11.28
      68000     28      -97048.9261        44.78      11.24
      69000     28     -104053.1049        44.16      11.20
      70000     20      -75682.1925        43.59      11.17
      71000     21      -82441.1588        43.05      11.14
      72000     29     -112746.8445        42.56      11.11
      73000     29     -112262.6214        42.10      11.02
      74000     23      -79286.2439        41.69      10.99
      75000     27     -102067.4250        41.32      10.96
      76000      7      -18399.7063        41.06      10.95
      77000     12      -39156.6579        40.89      10.96
      78000     14      -50344.4710        40.73      10.94
      79000     18      -65520.9474        40.60      10.92
      80000     25      -91636.9570        40.51      10.90
      81000      4       -9395.1317        40.51      10.89
      82000     28     -107102.7025        40.55      10.87
      83000     30     -108541.4647        40.63      10.84
      84000     18      -62113.7335        40.76      10.81
      85000     13      -46896.6227        40.94      10.79
      86000     20      -65687.6277        41.14      10.77
      87000     27     -104769.8708        41.37      10.75
      88000     18      -60717.3584        41.65      10.73
      89000     19      -64721.7259        41.99      10.74
      90000     30     -111922.8037        42.33      10.71
      91000     18      -65566.3364        42.68      10.69
      92000     17      -57540.0765        43.07      10.68
      93000     10      -28763.3828        43.46      10.67
      94000      1          -0.0000        43.85      10.70
      95000      4       -7023.7082        44.24      10.74
      96000      1          -0.0000        44.62      10.79
      97000     11      -27056.0410        45.03      10.83
      98000      9      -27035.4112        45.48      10.85
      99000     20      -71862.4019        45.93      10.84
     100000     21      -78858.1214        46.37      10.81
     101000     20      -75207.9410        46.82      10.78
     102000     21      -80127.5093        47.27      10.76
     103000     17      -58772.2040        47.72      10.74
     104000     15      -54998.5654        48.17      10.73
     105000     21      -77925.8101        48.61      10.72
     106000     20      -68553.7408        49.05      10.70
     107000     10      -33050.0555        49.49      10.68
     108000      8      -22767.3508        49.91      10.70
     109000      9      -25820.5594        50.30      10.73
     110000     21      -74063.9027        50.72      10.72
     111000     23      -86287.7925        51.13      10.70
     112000     21      -78057.0135        51.53      10.68
     113000     18      -66948.5799        51.91      10.67
     114000     15      -55080.0102        52.28      10.65
     115000     17      -62270.6221        52.63      10.64
     116000     11      -38779.8989        52.97      10.62
     117000      8      -22202.2279        53.30      10.62
     118000      5      -10925.4259        53.61      10.63
     119000      3       -4178.2124        53.87      10.67
     120000      2       -2528.5038        54.12      10.70
     121000      8      -22605.7982        54.37      10.73
     122000      1           0.0000        54.60      10.76
     123000      1           0.0000        54.81      10.80
     124000      7      -20558.4190        55.02      10.83
     125000      1           0.0000        55.20      10.87
     126000     16      -49830.7898        55.39      10.89
     127000     13      -40286.0647        55.54      10.88
     128000      4       -9660.9079        55.68      10.89
     129000      7      -20077.9286        55.79      10.89
     130000     16      -51593.1503        55.88      10.88
     131000      5      -12566.7496        55.96      10.89
     132000      7      -21491.5374        56.04      10.92
     133000     10      -29852.6090        56.07      10.94
     134000      2       -2076.0678        56.12      10.97
     135000      8      -21378.8521        56.10      10.98
     136000      5      -15145.4862        56.04      10.98
     137000      3       -6694.4294        55.99      11.00
     138000      9      -29164.5124        55.91      11.02
     139000      6      -16756.4255        55.76      11.02
     140000     20      -70481.4363        55.61      11.02
     141000     28      -98484.4127        55.36      11.01
     142000     29     -105546.5395        55.09      10.97
     143000     25      -87907.4118        54.80      10.96
     144000     26      -96460.1134        54.50      10.92
     145000     23      -76754.2500        54.18      10.91
     146000     27      -98695.3995        53.86      10.90
     147000     21      -76201.9050        53.53      10.88
     148000     28     -100196.0503        53.19      10.87
     149000     30     -115227.1578        52.85      10.83
     150000     16      -55904.7773        52.51      10.81
     151000      8      -23861.6976        52.17      10.80
     152000      1           0.0000        51.90      10.83
     153000     13      -44939.4023        51.59      10.84
     154000     13      -44604.2607        51.26      10.83
     155000      1           0.0000        50.96      10.84
     156000      2        -545.2874        50.65      10.85
     157000     16      -58154.6210        50.36      10.86
     158000      9      -29313.7825        50.03      10.86
     159000     11      -35111.9104        49.71      10.85
     160000      8      -20891.4734        49.45      10.87
     161000      7      -18795.5978        49.18      10.88
     162000      4      -10039.1311        48.94      10.90
     163000     15      -41692.9344        48.67      10.92
     164000      9      -25771.1025        48.40      10.92
     165000      1           0.0000        48.14      10.93
     166000     12      -38633.8316        47.88      10.93
     167000     19      -60082.8462        47.61      10.92
     168000     15      -42832.6680        47.36      10.91
     169000     19      -64052.6089        47.12      10.91
     170000     24      -88224.0710        46.89      10.90
     171000     24      -86788.6453        46.68      10.88
     172000     28     -102470.9792        46.48      10.85
     173000     27      -97550.5267        46.31      10.84
     174000     29     -100220.6790        46.15      10.81
     175000     29     -110193.1040        46.01      10.80
     176000     25      -94323.5569        45.90      10.78
     177000     21      -72673.1412        45.81      10.76
     178000      2       -2667.4692        45.81      10.77
     179000     16      -54951.7649        45.81      10.77
     180000     18      -65529.9675        45.80      10.76
     181000     25      -90681.1372        45.81      10.76
     182000     30     -117436.8683        45.85      10.74
     183000     27     -101598.2443        45.91      10.72
     184000     22      -76048.0392        45.99      10.71
     185000     30     -107230.3741        46.08      10.70
     186000     22      -78891.7618        46.20      10.69
     187000     28     -101224.8711        46.32      10.68
     188000     18      -64959.6554        46.46      10.67
     189000      9      -22157.0590        46.63      10.67
     190000      2       -1927.4494        46.80      10.68
     191000     13      -39684.9738        46.98      10.69
     192000      8      -25052.7599        47.18      10.69
     193000      3       -4537.2310        47.36      10.70
     194000      8      -27264.9176        47.56      10.71
     195000      3       -5091.6572        47.76      10.72
     196000     21      -66684.4349        47.98      10.72
     197000     16      -53787.1798        48.19      10.71
     198000     18      -60343.0280        48.41      10.71
     199000     15      -48430.9558        48.64      10.70
     200000     12      -35413.5030        48.86      10.71
     201000     10      -30056.6746        49.09      10.70
     202000     10      -34895.7046        49.32      10.69
     203000      4      -12127.7057        49.55      10.69
     204000      9      -24788.1081        49.75      10.70
     205000     18      -63588.9060        49.98      10.71
     206000     15      -50698.2572        50.21      10.70
     207000     14      -47514.3413        50.43      10.69
     208000     16      -55564.6220        50.65      10.68
     209000     14      -46953.2892        50.87      10.68
     210000     17      -61547.5580        51.07      10.68
     211000     17      -62641.2844        51.27      10.67
     212000     17      -57499.3338        51.46      10.67
     213000      8      -23586.4301        51.65      10.66
     214000      5      -15307.1435        51.83      10.67
     215000      6      -14925.5688        52.00      10.68
     216000     15      -46868.5370        52.17      10.68
     217000     18      -63840.8313        52.32      10.68
     218000      2       -1281.1141        52.47      10.69
     219000      3       -6537.8969        52.60      10.71
     220000     13      -48365.2229        52.73      10.71
     221000     16      -60297.3906        52.85      10.71
     222000      7      -17731.6298        52.96      10.70
     223000     13      -42562.4359        53.07      10.71
     224000      2       -2860.1106        53.16      10.72
     225000     19      -63793.4113        53.24      10.73
     226000     24      -86635.8734        53.29      10.72
     227000     23      -77322.0277        53.33      10.71
     228000     14      -46736.2459        53.36      10.71
     229000     25      -83973.0867        53.36      10.70
     230000     22      -78715.0305        53.35      10.70
     231000      9      -26463.2672        53.32      10.69
     232000      9      -25975.5856        53.31      10.70
     233000     21      -73453.2143        53.28      10.71
     234000     11      -34853.3688        53.21      10.71
     235000      9      -25324.9861        53.14      10.71
     236000     10      -29592.5703        53.09      10.73
     237000      6      -20391.4324        52.99      10.74
     238000     24      -92445.2397        52.84      10.73
     239000     24      -92858.9854        52.68      10.72
     240000     22      -76929.1241        52.50      10.71
     241000     15      -54132.7640        52.32      10.71
     242000      7      -20008.5826        52.13      10.70
     243000     10      -29834.7902        51.98      10.71
     244000     16      -49256.8738        51.83      10.72
     245000     25      -88626.2040        51.63      10.71
     246000     29     -105824.6278        51.43      10.71
     247000     26      -93668.5593        51.22      10.69
     248000     30     -109275.7573        51.01      10.68
     249000     25      -93704.0687        50.81      10.67
     250000     27      -98693.1639        50.60      10.65
     251000     30     -117935.8551        50.39      10.63
     252000     30     -115056.1262        50.19      10.60
     253000     30     -108427.7443        49.98      10.57
     254000     28      -98779.5699        49.78      10.56
     255000     22      -76931.4413        49.58      10.55
     256000     16      -48590.9369        49.39      10.54
     257000     11      -31593.5973        49.19      10.54
     258000     19      -66689.5560        49.00      10.54
     259000     30     -108857.0604        48.81      10.52
     260000     29     -105090.1341        48.63      10.50
     261000     13      -39739.6256        48.45      10.50
     262000     13      -43700.6262        48.29      10.50
     263000      7      -19670.4267        48.14      10.50
     264000      9      -26716.8354        48.02      10.50
     265000      5      -14105.4721        47.90      10.51
     266000     25      -82803.0598        47.79      10.52
     267000     27      -98193.4853        47.66      10.51
     268000     17      -58432.3568        47.55      10.50
     269000     29     -106149.5441        47.45      10.50
     270000     25      -90675.7343        47.36      10.49
     271000     21      -70924.8933        47.29      10.48
     272000     16      -59284.9118        47.24      10.48
     273000     24      -87971.6780        47.20      10.47
     274000     24      -88838.5953        47.18      10.47
     275000     28     -108221.7242        47.17      10.46
     276000     20      -76723.5172        47.17      10.45
     277000     16      -58285.8852        47.19      10.44
     278000     21      -72541.9384        47.23      10.44
     279000     24      -78922.2042        47.28      10.44
     280000     25      -87128.4466        47.34      10.43
     281000     28     -102527.2172        47.42      10.43
     282000     30     -113758.2102        47.49      10.42
     283000     16      -52216.9267        47.59      10.42
     284000     13      -39750.1392        47.69      10.41
     285000     13      -44982.2979        47.80      10.41
     286000      8      -24317.5756        47.92      10.41
     287000     17      -54999.9251        48.03      10.42
     288000     21      -70821.4848        48.16      10.42
     289000     14      -43301.4795        48.30      10.42
     290000     18      -66000.0616        48.43      10.42
     291000     24      -86219.2622        48.57      10.41
     292000     24      -92353.4773        48.71      10.41
     293000     30     -116026.7445        48.85      10.40
     294000     28     -107138.4510        49.00      10.38
     295000     18      -65369.6565        49.15      10.37
     296000     21      -75560.3933        49.30      10.37
     297000     16      -58079.0306        49.45      10.37
     298000     15      -55263.2512        49.60      10.37
     299000     14      -47209.4575        49.76      10.37
     300000     20      -70213.8600        49.91      10.36
     301000     19      -68155.1480        50.07      10.36
     302000      7      -23786.2700        50.22      10.36
     303000     16      -54708.6079        50.38      10.36
     304000     15      -54553.1333        50.52      10.36
     305000     17      -60137.5319        50.67      10.35
     306000     22      -82474.5134        50.81      10.35
     307000     21      -72232.6445        50.95      10.34
     308000     17      -60620.1646        51.08      10.34
     309000     12      -37723.4081        51.21      10.34
     310000      4      -11129.9986        51.34      10.34
     311000     14      -43559.9759        51.45      10.35
     312000     13      -43149.0734        51.57      10.35
     313000      6      -17925.9691        51.69      10.35
     314000      2       -2777.3523        51.79      10.35
     315000      4       -8309.4962        51.89      10.36
     316000      7      -21511.0752        51.98      10.37
     317000     17      -61172.3937        52.07      10.37
     318000     27      -99411.5475        52.14      10.37
     319000     25      -97850.6328        52.21      10.36
     320000     20      -74913.3881        52.27      10.36
     321000     30     -121830.8550        52.31      10.35
     322000     23      -79581.7729        52.35      10.34
     323000     27      -99561.4340        52.38      10.33
     324000     17      -52523.4378        52.40      10.33
     325000      5      -13051.7142        52.41      10.33
     326000     22      -73357.9769        52.41      10.32
     327000     16      -56435.6578        52.39      10.32
     328000     27      -99865.7641        52.36      10.32
     329000     23      -88130.9664        52.31      10.31
     330000      7      -20117.4559        52.26      10.30
     331000      9      -26866.6679        52.23      10.31
     332000      1          -0.0000        52.19      10.32
     333000     19      -68822.5377        52.12      10.33
     334000     23      -82691.1645        52.02      10.32
     335000     20      -69994.5044        51.91      10.32
     336000     18      -58960.5055        51.80      10.32
     337000     15      -48440.1378        51.68      10.31
     338000     28     -106949.0992        51.55      10.31
     339000     26      -86833.0026        51.41      10.30
     340000     22      -80879.9523        51.27      10.30
     341000     21      -70269.6361        51.13      10.30
     342000     15      -51265.0247        51.00      10.30
     343000     20      -73234.6334        50.86      10.30
     344000     11      -36113.5471        50.71      10.29
     345000      5      -15151.4729        50.58      10.30
     346000      1           0.0000        50.46      10.31
     347000     22      -66768.6372        50.32      10.32
     348000     14      -47155.3831        50.18      10.31
     349000      9      -25313.3571        50.03      10.31
     350000      5      -14068.0857        49.91      10.32
     351000     14      -45338.0881        49.78      10.33
     352000     15      -53723.9589        49.64      10.33
     353000     23      -87521.0775        49.50      10.33
     354000     27      -91182.4196        49.36      10.32
     355000     21      -74013.0050        49.22      10.32
     356000     26      -98646.3254        49.09      10.32
     357000     23      -81918.1347        48.96      10.31
     358000     20      -73517.5101        48.83      10.31
     359000     16      -51045.3703        48.71      10.31
     360000     23      -86614.4433        48.60      10.31
     361000     29     -103587.8932        48.49      10.30
     362000     17      -56549.4868        48.38      10.30
     363000     16      -54965.1000        48.29      10.29
     364000     19      -68611.5738        48.21      10.29
     365000     15      -49387.3664        48.13      10.29
     366000     25      -96866.8817        48.06      10.28
     367000     24      -86975.8665        48.00      10.27
     368000     10      -28763.7028        47.96      10.27
     369000     17      -62764.8725        47.95      10.28
     370000     20      -70726.2433        47.93      10.28
     371000     28     -104261.4918        47.92      10.28
     372000     28     -107870.8684        47.91      10.27
     373000     21      -72707.0512        47.92      10.26
     374000     15      -55140.3137        47.94      10.26
     375000     30     -114037.1689        47.97      10.25
     376000     25      -97274.9127        48.01      10.24
     377000     24      -89172.0847        48.05      10.23
     378000     30     -109383.7011        48.11      10.23
     379000     27     -101030.1522        48.17      10.22
     380000     23      -80075.3005        48.24      10.22
     381000     20      -69500.4113        48.32      10.22
     382000     17      -61066.8180        48.40      10.22
     383000     14      -48003.1779        48.49      10.21
     384000     14      -47860.1305        48.58      10.21
     385000      9      -21292.7196        48.68      10.21
     386000     18      -61020.7210        48.78      10.22
     387000     14      -48378.4844        48.88      10.21
     388000     14      -49161.8167        48.99      10.21
     389000     16      -53375.9481        49.09      10.21
     390000     13      -42481.6291        49.20      10.21
     391000     14      -48354.9389        49.31      10.21
     392000     23      -78902.7369        49.43      10.21
     393000     23      -89006.9938        49.54      10.21
     394000     28     -108162.2694        49.65      10.20
     395000     27     -102575.5710        49.77      10.20
     396000     27     -101724.2166        49.89      10.19
     397000     21      -73515.0372        50.00      10.19
     398000     22      -77700.7559        50.12      10.18
     399000     16      -58123.4927        50.24      10.18
     400000     19      -69149.5478        50.35      10.17
     401000     24      -85989.7870        50.46      10.17
     402000     12      -39201.0557        50.57      10.17
     403000     16      -46988.8568        50.68      10.17
     404000     21      -76232.3393        50.78      10.17
     405000     24      -87414.5046        50.88      10.16
     406000     26      -95589.7210        50.98      10.16
     407000     19      -65333.5018        51.07      10.16
     408000     21      -77526.7187        51.17      10.16
     409000     15      -47635.9373        51.25      10.15
     410000     14      -46745.1667        51.34      10.15
     411000      7      -18027.3992        51.42      10.16
     412000      9      -23598.2488        51.49      10.16
     413000      3       -6150.2625        51.56      10.17
     414000      2        -967.0847        51.62      10.19
     415000      5      -15980.1630        51.68      10.20
     416000      6      -14746.7065        51.74      10.21
     417000     18      -62124.8074        51.79      10.21
     418000     14      -49835.4043        51.83      10.21
     419000     14      -45706.6840        51.86      10.21
     420000     21      -75703.0468        51.88      10.21
     421000     23      -77499.5708        51.89      10.21
     422000      8      -23320.0858        51.89      10.21
     423000      7      -17912.7418        51.91      10.22
     424000      6      -20256.6585        51.92      10.23
     425000     14      -46987.4755        51.91      10.23
     426000      5      -16060.8102        51.89      10.24
     427000     13      -42408.3416        51.85      10.24
     428000      2       -1838.7013        51.83      10.25
     429000      8      -20355.8060        51.80      10.26
     430000      7      -21085.3799        51.74      10.26
     431000     26      -91271.2326        51.66      10.25
     432000     28     -107393.0362        51.57      10.25
     433000     18      -64755.8212        51.48      10.24
     434000     16      -53103.2124        51.38      10.24
     435000     20      -61837.0249        51.28      10.24
     436000     25      -91586.2621        51.18      10.25
     437000     21      -74005.2261        51.08      10.24
     438000      2       -2948.9495        50.98      10.24
     439000     10      -33320.2525        50.87      10.25
     440000     13      -44704.8713        50.76      10.24
     441000     14      -43947.7633        50.65      10.24
     442000     22      -79279.3058        50.53      10.24
     443000     20      -69575.4447        50.42      10.24
     444000     12      -40999.0930        50.30      10.24
     445000     18      -63191.5854        50.19      10.24
     446000     15      -46400.5656        50.08      10.24
     447000     10      -30646.3418        49.96      10.24
     448000     21      -76370.1575        49.85      10.23
     449000     16      -52137.1916        49.74      10.23
     450000     10      -27564.5726        49.64      10.24
     451000     12      -36907.5561        49.55      10.25
     452000     11      -36552.0463        49.45      10.25
     453000     12      -43082.4467        49.34      10.25
     454000     22      -83070.2028        49.24      10.25
     455000     14      -50780.9379        49.13      10.24
     456000     22      -67673.2797        49.04      10.24
     457000     11      -37178.9217        48.94      10.24
     458000      5      -14376.6371        48.89      10.25
     459000      1          -0.0000        48.82      10.26
     460000     16      -56144.9676        48.78      10.26
     461000     16      -55825.4293        48.71      10.27
     462000     25      -92842.1754        48.64      10.26
     463000     24      -86380.6188        48.58      10.26
     464000      9      -29365.3799        48.54      10.26
     465000     23      -82850.5163        48.49      10.26
     466000     13      -42205.4835        48.46      10.25
     467000     12      -37335.0323        48.45      10.26
     468000     21      -72911.7907        48.45      10.26
     469000      8      -21995.2936        48.46      10.26
     470000     15      -52160.3628        48.46      10.26
     471000     16      -54097.8441        48.48      10.26
     472000      8      -22703.7790        48.50      10.26
     473000      1          -0.0000        48.54      10.27
     474000     12      -41184.2731        48.58      10.27
     475000     23      -83525.1214        48.63      10.27
     476000     23      -88533.4317        48.67      10.27
     477000     16      -54497.3718        48.73      10.27
     478000     29     -108137.3337        48.79      10.26
     479000     28     -100635.3686        48.85      10.25
     480000     26     -100778.7187        48.91      10.25
     481000     23      -76544.5350        48.98      10.24
     482000     28     -102557.1749        49.06      10.24
     483000     29     -109555.6094        49.13      10.23
     484000     20      -68614.7031        49.21      10.23
     485000     16      -53989.0732        49.29      10.23
     486000      9      -29307.9946        49.38      10.23
     487000     10      -31254.9756        49.46      10.23
     488000     11      -35693.5579        49.55      10.23
     489000     23      -75800.4609        49.64      10.23
     490000      6      -17334.4983        49.73      10.23
     491000      6      -18054.6444        49.83      10.23
     492000      2       -2474.3665        49.90      10.24
     493000      5      -14362.5750        49.98      10.25
     494000      3       -7686.4479        50.06      10.26
     495000     13      -43997.3509        50.16      10.26
     496000     24      -85482.6339        50.25      10.26
     497000     26      -99698.9701        50.34      10.26
     498000     25      -94080.2319        50.42      10.25
     499000     29     -109745.0283        50.50      10.25
     500000     26      -95647.4132        50.59      10.25
 --------------------------------------------
 Lennard-Jones Energy:   18507.536754415796     
 Eletrostatic Energy:  -114154.94991576448     
 Intra Lennard-Jones Energy:   0.0000000000000000     
 Intra Eletrostatic Energy:   0.0000000000000000     
 Stretch Energy:   0.0000000000000000     
 Bending Energy:   0.0000000000000000     
 Torsional Energy   0.0000000000000000     
 Simulation Time:   452.26249899999999     
 Final Energy:  -95647.413161348682      kb        
 Final Cluster Size:          26
 Final Displacement   3.5661361192576270E-002
 Acceptance Rate Trans:   50.585858729195962     
 Acceptance Rate CBMC:   0.0000000000000000     
 Acceptance Rate Swap:   10.246324201175367     
 Acceptance Rate Rotate:   49.691051860295090     
 Cluster Criteria Rejections:   27.894318563981720     
 Acceptance Swap In (Mol Type):   10.616510969686791     
 Acceptance Swap Out (Mol Type):   10.565396962153047     
 Cluster Criteria Rejections:   0.0000000000000000     
 Waiting for all processes to finish...
 Writting output...
 Compressing Histogram Data...
 Finished Compressing Histogram Data...
 Histogram Outputted....
 Finished!
