           1   0.0000000000000000     
           2   3.5406944337048953     
           3   5.4275179712450843     
           4   6.3472867735149245     
           5   7.7995794800884699     
           6   9.1872040182126735     
           7   10.292499206380374     
           8   11.252361075981916     
           9   12.089836613884744     
          10   12.840667767949995     
          11   13.508687396172304     
          12   14.131162722063790     
          13   14.732811877227110     
          14   15.240961509251042     
          15   15.737947350096672     
          16   16.201507015673283     
          17   16.608735641612906     
          18   17.003008392785397     
          19   17.319252292437366     
          20   17.612267808363224     
          21   17.880346295111959     
          22   18.134163443432946     
          23   18.363060769847692     
          24   18.572338448982219     
          25   18.715054986897709     
