           1   11725.000000000000     
           2   11489.000000000000     
           3   12745.000000000000     
           4   6405.0000000000000     
           5   5937.0000000000000     
           6   11173.000000000000     
           7   10782.000000000000     
           8   5928.0000000000000     
           9   15092.000000000000     
          10   20322.000000000000     
          11   29367.000000000000     
          12   30748.000000000000     
          13   25719.000000000000     
          14   26750.000000000000     
          15   27221.000000000000     
          16   35103.000000000000     
          17   22376.000000000000     
          18   22071.000000000000     
          19   19096.000000000000     
          20   16691.000000000000     
          21   20125.000000000000     
          22   25230.000000000000     
          23   40189.000000000000     
          24   49005.000000000000     
          25   57759.000000000000     
          26   75765.000000000000     
          27   113247.00000000000     
          28   241949.00000000000     
          29   490817.00000000000     
          30   419174.00000000000     
