           1   8013005.0000000000     
           2   8031150.0000000000     
           3   7993300.0000000000     
           4   7690658.0000000000     
           5   7584556.0000000000     
           6   7500334.0000000000     
           7   7761562.0000000000     
           8   7681619.0000000000     
           9   7670991.0000000000     
          10   7793731.0000000000     
          11   7931055.0000000000     
          12   7759393.0000000000     
          13   7394094.0000000000     
          14   7049835.0000000000     
          15   6993848.0000000000     
          16   6973764.0000000000     
          17   7167249.0000000000     
          18   7167063.0000000000     
          19   7046485.0000000000     
          20   6796308.0000000000     
