           1   0.0000000000000000     
           2   3.3485215648006443     
           3   5.0363554506024393     
           4   5.7676520972178880     
           5   7.0413844787125361     
           6   8.2079581475560381     
           7   9.1485094567589744     
           8   9.9352172802251175     
           9   10.609496092145918     
          10   11.195420116588746     
          11   11.703789490049360     
          12   12.153643787436307     
          13   12.549199545956750     
          14   12.893523761166382     
          15   13.193692677476308     
          16   13.448998830501392     
          17   13.664255330830176     
          18   13.844391975155476     
          19   13.993351331799117     
          20   14.107501490489780     
          21   14.198177955904775     
          22   14.256255501805988     
          23   14.288572140057820     
          24   14.297579592243521     
          25   14.285631715231293     
          26   14.258163823394954     
          27   14.215242979559809     
          28   14.147821149371831     
          29   14.057865283785175     
          30   13.951201892161865     
          31   13.825567647435941     
          32   13.682901182037543     
          33   13.519869263254620     
          34   13.337884595274421     
          35   13.147303638898931     
          36   12.944696976524153     
          37   12.723291752463931     
          38   12.495015185708761     
          39   12.243831164558024     
          40   11.987525721202672     
          41   11.725638869524628     
          42   11.449814506309025     
          43   11.162559428348862     
          44   10.860381792394740     
          45   10.553332142532776     
          46   10.232105216454155     
          47   9.8980386035204582     
          48   9.5586563698180740     
          49   9.2099737946131466     
          50   8.8532951752817723     
          51   8.4930413337990895     
          52   8.1212338436827647     
          53   7.7448482018953460     
          54   7.3561549466285276     
          55   6.9616921534060321     
          56   6.5589967877015436     
          57   6.1500561710000170     
          58   5.7270974909021302     
          59   5.2984744944865776     
          60   4.8680639995898742     
          61   4.4237264956102864     
          62   3.9726679794813933     
          63   3.5220097193660012     
          64   3.0667320450185804     
          65   2.6108204445784202     
          66   2.1437495014905847     
          67   1.6752836065088197     
          68   1.1986166458250778     
          69  0.71296964897694415     
          70  0.22104322114658081     
          71 -0.27444942481791712     
          72 -0.78259928303820225     
          73  -1.2975806029399322     
          74  -1.8045587394932168     
          75  -2.3215071313682745     
          76  -2.8417866408646386     
          77  -3.3676010511379824     
          78  -3.9036345299028903     
          79  -4.4432384807909493     
          80  -4.9882865394352525     
          81  -5.5388680864724700     
          82  -6.0904018456365892     
          83  -6.6430929343970853     
          84  -7.1994909512590262     
          85  -7.7578189060169844     
          86  -8.3216506233207195     
          87  -8.8899655334227319     
          88  -9.4586397106784190     
          89  -10.042671953756461     
          90  -10.624326756750680     
          91  -11.213696922569449     
          92  -11.811357061791846     
          93  -12.414556262824927     
          94  -13.008872048064125     
          95  -13.609388543019536     
          96  -14.209315015306926     
          97  -14.815780394843324     
          98  -15.425995011948066     
          99  -16.046667840847388     
         100  -16.670442320660143     
         101  -17.297574397614699     
         102  -17.930598118504744     
         103  -18.561122235604753     
         104  -19.197524332157005     
         105  -19.833821453639349     
         106  -20.475734987691176     
         107  -21.121254205041353     
         108  -21.762860467960099     
         109  -22.409899531060319     
         110  -23.060950904306292     
         111  -23.712647287641989     
         112  -24.363330200342943     
         113  -25.019173178543127     
         114  -25.677972410028669     
         115  -26.335804862873079     
         116  -27.005839724718804     
         117  -27.676726582880530     
         118  -28.348106927082153     
         119  -29.017543796877103     
         120  -29.699501195195513     
         121  -30.377849480876247     
         122  -31.060065689685299     
         123  -31.743396763056172     
         124  -32.431261206967022     
         125  -33.130166393652225     
         126  -33.816947959896986     
         127  -34.518716405032727     
         128  -35.223939860593120     
         129  -35.927790235490029     
         130  -36.632744668623651     
         131  -37.336673714486594     
         132  -38.049211752596726     
         133  -38.767002568316627     
         134  -39.482922860796492     
         135  -40.199987116769641     
         136  -40.915475560710775     
         137  -41.633991628678181     
         138  -42.360273083190556     
         139  -43.087633981194251     
         140  -43.821379089593620     
         141  -44.558829838444538     
         142  -45.294863409109873     
         143  -46.035574574981950     
         144  -46.774377608603963     
         145  -47.521643840673590     
         146  -48.265397737152981     
         147  -49.011797795279939     
         148  -49.755433827775363     
         149  -50.496480248749947     
         150  -51.245422818571910     
         151  -51.995292090789498     
         152  -52.748598380448989     
         153  -53.504602767033958     
         154  -54.266728683038387     
         155  -55.027572223277588     
         156  -55.784264363715010     
         157  -56.555634250347822     
         158  -57.322036456916940     
         159  -58.091701033705789     
         160  -58.864934906912474     
         161  -59.636400717338823     
         162  -60.411365441983129     
         163  -61.182595871966392     
         164  -61.958811568211232     
         165  -62.732667575151211     
         166  -63.505557383901483     
         167  -64.279420678849050     
         168  -65.050059891676653     
         169  -65.826263447982370     
         170  -66.604062336910545     
         171  -67.391292221820990     
         172  -68.181591124253785     
         173  -68.970940142963215     
         174  -69.754096309596164     
         175  -70.542063523818499     
         176  -71.329890042031820     
         177  -72.126643072823640     
         178  -72.925073690461090     
         179  -73.726472670175880     
         180  -74.531548145150808     
         181  -75.333519809861329     
         182  -76.131693459341889     
         183  -76.933925097696829     
         184  -77.739095639160695     
         185  -78.547902400642428     
         186  -79.358770786960406     
         187  -80.166535961692546     
         188  -80.978146628824533     
         189  -81.795662931388449     
         190  -82.607262816985852     
         191  -83.421080528177015     
         192  -84.234223643350063     
         193  -85.051602519292075     
         194  -85.876021203461093     
         195  -86.700102490961129     
         196  -87.528164490386629     
         197  -88.359190624627871     
         198  -89.189047332882268     
         199  -90.023985717378039     
         200  -90.856861812356286    
