   0.0000000000000000
   3.3835949775118230
   5.0499052944363925
   5.7761054365757580
   7.0545723843080665
   8.2315610789494968
   9.1778689090399208
   9.9533748405660116
   10.625036825236537
   11.214630741381146
   11.725822486997020
   12.174017444781471
   12.563198930942560
   12.909360485967033
   13.209767897674492
   13.471417880675022
   13.688638959753355
   13.868668939335031
   14.020028139832606
   14.140665502537002
   14.225931098622292
   14.282613949330607
   14.313981542531725
   14.320376070169385
   14.310474727949865
   14.279654333798719
   14.222461516835153
   14.148064812255052
   14.054712435486188
   13.944218693770353
   13.824298197816191
   13.685453968075937
   13.534069765889029
   13.362552605537342
   13.172400829869629
   12.967904299886722
   12.753389795268069
   12.521141942313298
   12.283397970298736
   12.031722316234491
   11.767665545280053
   11.497822049277685
   11.209328798850724
   10.911525809146724
   10.597609293480824
   10.276491275568727
   9.9526301297305189
   9.6135613115723100
   9.2671947754667308
   8.9057409984036884
   8.5393475963700904
   8.1653679418378164
   7.7919839448298269
   7.4057649876543987
   7.0095049813102515
   6.6044099609808571
   6.1953049127136222
   5.7737618924057612
   5.3514578645949360
   4.9150399970744107
   4.4748455580879067
   4.0293464030023953
   3.5761727850093954
   3.1091497004828668
   2.6432315446323078
   2.1717563142465721
   1.7005842809838250
   1.2192736764607455
  0.73533160613122373
  0.23706194416353765
