           1  0.95805451394093033     
           2   3.2192815488288846E-002
           3   5.8650906026554532E-003
           4   2.7909728423763181E-003
           5   7.0807144540525858E-004
           6   2.0506768536984540E-004
           7   8.5750579144694682E-005
           8   3.8039246957931772E-005
           9   2.0230211859631287E-005
          10   1.1280318503101320E-005
          11   6.9496187074742890E-006
          12   4.2739659485253288E-006
          13   2.8315457703039388E-006
          14   2.0750116507944036E-006
          15   1.6459150065203353E-006
          16   1.2223817414773019E-006
          17   9.9256599962191239E-007
          18   8.6380072249902180E-007
          19   7.1500205855897407E-007
          20   6.2356628076582146E-007
          21   6.3485123677839848E-007
          22   6.0431140096456050E-007
          23   5.3861578365266026E-007
          24   5.5484954676808981E-007
          25   5.6659869801340275E-007
          26   5.4609758421300959E-007
          27   5.8120363072579784E-007
          28   6.2868277592545740E-007
          29   6.5274235897573498E-007
          30   6.6631160602059470E-007
