           1   0.0000000000000000     
           2   3.3931613740834834     
           3   5.0958867502476188     
           4   5.8385144561776787     
           5   7.2101149590471341     
           6   8.4493198620596885     
           7   9.3212171193417372     
           8   10.134041517816300     
           9   10.765482835566882     
          10   11.349600477477146     
          11   11.833973163401172     
          12   12.320117769494638     
          13   12.731837188113474     
          14   13.042693190731395     
          15   13.274363494696193     
          16   13.571858756539102     
          17   13.780121729511070     
          18   13.919073141275520     
          19   14.108129816427784     
          20   14.244960174395155     
          21   14.227024539564496     
          22   14.276325608633151     
          23   14.391412753310755     
          24   14.361718248129712     
          25   14.340763948721078     
          26   14.377617552780878     
          27   14.315314059597144     
          28   14.236788439540355     
          29   14.199232736607380     
          30   14.178657800193189     
