           1   555687.00000000000     
           2   554391.00000000000     
           3   551787.00000000000     
           4   593210.00000000000     
           5   557240.00000000000     
           6   579123.00000000000     
           7   643769.00000000000     
           8   716388.00000000000     
           9   681502.00000000000     
          10   650304.00000000000     
          11   641869.00000000000     
          12   617188.00000000000     
          13   582840.00000000000     
          14   570651.00000000000     
          15   584067.00000000000     
          16   613825.00000000000     
          17   633196.00000000000     
          18   645627.00000000000     
          19   621035.00000000000     
          20   630062.00000000000     
          21   674038.00000000000     
          22   678944.00000000000     
          23   652913.00000000000     
          24   628962.00000000000     
          25   680181.00000000000     
          26   695030.00000000000     
          27   693252.00000000000     
          28   720214.00000000000     
          29   685027.00000000000     
          30   667178.00000000000     
