           1   3799900.0000000000        3799900.0000000000        3799900.0000000000        3799900.0000000000        3799900.0000000000        0.0000000000000000     
           2   112527676.66985928        115566223.58093515        108503059.70867100        116390635.69229922        111689440.85437661        0.0000000000000000     
           3   594036631.11843550        650912712.55689502        583331975.87305284        654990819.44237471        612670383.43221104        0.0000000000000000     
           4   1225796088.5418568        1642104403.2854784        1388929670.3603356        1555507312.4187427        1096387061.0678687        0.0000000000000000     
           5   4375404903.2809935        7158312256.1250696        4222977388.2893300        5253148645.2461700        5016320378.8503237        0.0000000000000000     
           6   14182014893.773846        27062629101.140236        13699414262.837019        20911910061.474144        18795348198.505585        0.0000000000000000     
           7   37952472294.412811        67774004361.815010        28382683064.656216        73088803471.566330        46737062213.899109        0.0000000000000000     
           8   79468762226.232574        173207985625.15817        67002200097.520584        216677543810.53333        106813122816.94542        0.0000000000000000     
           9   151830542543.73590        299615021942.57776        117435626215.55577        372274443984.01514        214170295053.67654        0.0000000000000000     
          10   275625995969.51367        452960067189.04724        217624776980.12885        641125623212.95886        399063108218.93274        0.0000000000000000     
          11   446481714863.83868        686034786172.03882        394398024870.77515        973304497359.67822        689411842306.73071        0.0000000000000000     
          12   689501012112.04517        1295483398614.8838        622309611008.54285        1202636877250.4551        1155198598595.7104        0.0000000000000000     
          13   999974262610.90930        1652623342794.6641        1027839372395.8677        1405015455122.9270        2133131212373.2676        0.0000000000000000     
          14   1402128354581.1199        1681863573610.9724        1387723603633.6912        2145105952802.6887        3217413861914.2461        0.0000000000000000     
          15   1813851459430.7322        2035900452785.6250        1549732588018.4062        2851371636121.4282        4720809825660.2949        0.0000000000000000     
          16   2231968706253.3833        3206135955980.8608        1816766923031.4575        4249998593445.2617        7271730687983.6572        0.0000000000000000     
          17   2801274586090.0220        4498014514545.5039        2279490539483.2808        4717941862003.7969        9607570201714.7559        0.0000000000000000     
          18   3429078399406.1372        5176155993118.7041        2462549799035.5957        6108643872227.3066        10642054968947.639        0.0000000000000000     
          19   3873269605795.2183        4661684911969.4082        3367291837059.2754        7812016751266.6260        13018590797878.930        0.0000000000000000     
          20   4261863463159.1021        4700379808770.8213        4178332633670.2349        10211044035791.291        14845812783704.268        0.0000000000000000     
          21   4684466160220.6533        4168942933738.3423        4502390948451.2842        7934229158235.7510        20360498314106.137        0.0000000000000000     
          22   5164780717084.8838        4313556537950.6152        6312209575628.7891        6506363724654.5811        21029516936726.078        0.0000000000000000     
          23   5705646277919.4512        4702484334945.8408        6939422491330.8535        7461044878856.1865        21411274368662.559        0.0000000000000000     
          24   5871550588214.2656        4602969448365.2246        6535524767854.8594        8023080675691.9287        16824889166286.545        0.0000000000000000     
          25   5838317211258.7744        5149490841220.4404        8680271113358.0488        6558131432172.6055        17639925952315.492        0.0000000000000000     
          26   5784528509910.5469        4858505310354.2939        11389453541275.928        6887706450251.7500        16588860846092.633        0.0000000000000000     
          27   5589852324523.6074        4608844537909.8555        12245386942258.428        6312973941897.0586        12255632636170.529        0.0000000000000000     
          28   5258753816904.1133        4206241907265.2095        11970089163475.361        5613072298403.3730        12666830916132.678        0.0000000000000000     
          29   4608522900927.4336        4179002832854.6631        11298110976144.734        5546580266800.0918        10271470135552.717        0.0000000000000000     
          30   3830346107447.1616        4652368651935.8008        10065809422759.848        4888368128551.4482        11863781064920.389        0.0000000000000000     
